Interior Pro - the dormer trim boards
time: 2026-08-30 11:31:05 -0700

dormer: 212 faces, z 218.04 .. 253.03 (height 34.99")
  n=( 0.00, 1.00, 0.00) (1100.4,288.0,218.04) (1070.4,288.0,218.04) (1070.4,288.0,243.76) (1085.4,288.0,250.01) (1100.4,288.0,243.76)
  n=( 0.00,-1.00, 0.00) (1095.4,293.0,245.85) (1085.4,293.0,250.01) (1075.4,293.0,245.85) (1075.4,293.0,218.04) (1095.4,293.0,218.04)
  n=( 0.00, 0.00, 1.00) (1070.4,288.0,218.04) (1100.4,288.0,218.04) (1095.4,293.0,218.04) (1075.4,293.0,218.04)
  n=( 0.71,-0.71, 0.00) (1070.4,288.0,243.76) (1070.4,288.0,218.04) (1075.4,293.0,218.04) (1075.4,293.0,245.85)
  n=( 0.38, 0.00,-0.92) (1085.4,288.0,250.01) (1070.4,288.0,243.76) (1075.4,293.0,245.85) (1085.4,293.0,250.01)
  n=(-0.38, 0.00,-0.92) (1100.4,288.0,243.76) (1085.4,288.0,250.01) (1085.4,293.0,250.01) (1095.4,293.0,245.85)
  n=(-0.71,-0.71, 0.00) (1100.4,288.0,218.04) (1100.4,288.0,243.76) (1095.4,293.0,245.85) (1095.4,293.0,218.04)
  n=( 0.00, 0.00,-1.00) (1094.4,288.0,226.15) (1076.4,288.0,226.15) (1076.4,293.0,226.15) (1094.4,293.0,226.15)
  n=(-1.00, 0.00, 0.00) (1076.4,288.0,226.15) (1076.4,288.0,238.15) (1076.4,293.0,238.15) (1076.4,293.0,226.15)
  n=( 0.00, 0.00, 1.00) (1076.4,288.0,238.15) (1094.4,288.0,238.15) (1094.4,293.0,238.15) (1076.4,293.0,238.15)
  n=( 1.00, 0.00, 0.00) (1094.4,288.0,238.15) (1094.4,288.0,226.15) (1094.4,293.0,226.15) (1094.4,293.0,238.15)
  n=(-1.00, 0.00, 0.00) (1070.4,288.0,218.04) (1070.4,288.0,243.76) (1070.4,349.7,243.76)
  n=( 1.00, 0.00, 0.00) (1075.4,349.7,243.76) (1075.4,293.0,243.76) (1075.4,293.0,220.12)
  n=( 0.71,-0.71, 0.00) (1070.4,288.0,243.76) (1070.4,288.0,218.04) (1075.4,293.0,220.12) (1075.4,293.0,243.76)
  n=( 0.00, 0.00, 1.00) (1070.4,349.7,243.76) (1070.4,288.0,243.76) (1075.4,293.0,243.76) (1075.4,349.7,243.76)
  n=( 0.00, 0.38,-0.92) (1070.4,288.0,218.04) (1070.4,349.7,243.76) (1075.4,349.7,243.76) (1075.4,293.0,220.12)
  n=(-1.00, 0.00, 0.00) (1100.4,288.0,218.04) (1100.4,288.0,243.76) (1100.4,349.7,243.76)
  n=( 1.00, 0.00, 0.00) (1095.4,349.7,243.76) (1095.4,293.0,243.76) (1095.4,293.0,220.12)
  n=( 0.71, 0.71, 0.00) (1100.4,288.0,243.76) (1100.4,288.0,218.04) (1095.4,293.0,220.12) (1095.4,293.0,243.76)
  n=( 0.00, 0.00,-1.00) (1100.4,349.7,243.76) (1100.4,288.0,243.76) (1095.4,293.0,243.76) (1095.4,349.7,243.76)
  n=( 0.00,-0.38, 0.92) (1100.4,288.0,218.04) (1100.4,349.7,243.76) (1095.4,349.7,243.76) (1095.4,293.0,220.12)
  n=( 0.38, 0.00,-0.92) (1085.4,281.2,250.51) (1064.3,281.2,241.72) (1064.3,344.8,241.72) (1085.4,365.9,250.51)
  n=(-0.38, 0.00, 0.92) (1085.4,365.9,250.01) (1064.3,344.8,241.22) (1064.3,281.2,241.22) (1085.4,281.2,250.01)
  n=( 0.00, 1.00, 0.00) (1064.3,281.2,241.72) (1085.4,281.2,250.51) (1085.4,281.2,250.01) (1064.3,281.2,241.22)
  n=( 1.00, 0.00, 0.00) (1064.3,344.8,241.72) (1064.3,281.2,241.72) (1064.3,281.2,241.22) (1064.3,344.8,241.22)
  n=( 0.71,-0.71, 0.00) (1085.4,365.9,250.51) (1064.3,344.8,241.72) (1064.3,344.8,241.22) (1085.4,365.9,250.01)
  n=(-1.00, 0.00, 0.00) (1085.4,281.2,250.51) (1085.4,365.9,250.51) (1085.4,365.9,250.01) (1085.4,281.2,250.01)
  n=( 0.38,-0.00, 0.92) (1085.4,281.2,250.51) (1106.5,281.2,241.72) (1106.5,344.8,241.72) (1085.4,365.9,250.51)
  n=(-0.38, 0.00,-0.92) (1085.4,365.9,250.01) (1106.5,344.8,241.22) (1106.5,281.2,241.22) (1085.4,281.2,250.01)
  n=( 0.00,-1.00, 0.00) (1106.5,281.2,241.72) (1085.4,281.2,250.51) (1085.4,281.2,250.01) (1106.5,281.2,241.22)
  n=( 1.00, 0.00, 0.00) (1106.5,344.8,241.72) (1106.5,281.2,241.72) (1106.5,281.2,241.22) (1106.5,344.8,241.22)
  n=( 0.71, 0.71, 0.00) (1085.4,365.9,250.51) (1106.5,344.8,241.72) (1106.5,344.8,241.22) (1085.4,365.9,250.01)
  n=(-1.00, 0.00, 0.00) (1085.4,281.2,250.51) (1085.4,365.9,250.51) (1085.4,365.9,250.01) (1085.4,281.2,250.01)
  n=(-1.00, 0.00, 0.00) (1065.1,282.0,241.26) (1065.1,343.7,241.26) (1065.1,314.9,229.26) (1065.1,282.0,229.26)
  n=( 1.00, 0.00, 0.00) (1064.4,282.0,229.26) (1064.4,314.9,229.26) (1064.4,343.7,241.26) (1064.4,282.0,241.26)
  n=( 0.00, 0.00,-1.00) (1065.1,343.7,241.26) (1065.1,282.0,241.26) (1064.4,282.0,241.26) (1064.4,343.7,241.26)
  n=( 0.00,-0.38, 0.92) (1065.1,314.9,229.26) (1065.1,343.7,241.26) (1064.4,343.7,241.26) (1064.4,314.9,229.26)
  n=( 0.00, 0.00, 1.00) (1065.1,282.0,229.26) (1065.1,314.9,229.26) (1064.4,314.9,229.26) (1064.4,282.0,229.26)
  n=( 0.00, 1.00, 0.00) (1065.1,282.0,241.26) (1065.1,282.0,229.26) (1064.4,282.0,229.26) (1064.4,282.0,241.26)
  n=(-1.00, 0.00, 0.00) (1105.6,282.0,241.26) (1105.6,343.7,241.26) (1105.6,314.9,229.26) (1105.6,282.0,229.26)
  n=( 1.00, 0.00, 0.00) (1106.4,282.0,229.26) (1106.4,314.9,229.26) (1106.4,343.7,241.26) (1106.4,282.0,241.26)
  n=( 0.00, 0.00, 1.00) (1105.6,343.7,241.26) (1105.6,282.0,241.26) (1106.4,282.0,241.26) (1106.4,343.7,241.26)
  n=( 0.00, 0.38,-0.92) (1105.6,314.9,229.26) (1105.6,343.7,241.26) (1106.4,343.7,241.26) (1106.4,314.9,229.26)
  n=( 0.00, 0.00,-1.00) (1105.6,282.0,229.26) (1105.6,314.9,229.26) (1106.4,314.9,229.26) (1106.4,282.0,229.26)
  n=( 0.00,-1.00, 0.00) (1105.6,282.0,241.26) (1105.6,282.0,229.26) (1106.4,282.0,229.26) (1106.4,282.0,241.26)
  n=(-1.00, 0.00, 0.00) (1064.4,338.9,239.26) (1064.4,281.2,239.26) (1064.4,281.2,241.26) (1064.4,343.7,241.26)
  n=( 1.00, 0.00, 0.00) (1064.3,281.2,239.26) (1064.3,338.9,239.26) (1064.3,343.7,241.26) (1064.3,281.2,241.26)
  n=( 0.00, 0.00,-1.00) (1064.4,281.2,241.26) (1064.4,281.2,241.26) (1064.3,281.2,241.26) (1064.3,343.7,241.26) (1064.4,343.7,241.26)
  n=( 0.00,-0.38, 0.92) (1064.4,338.9,239.26) (1064.4,343.7,241.26) (1064.3,343.7,241.26) (1064.3,338.9,239.26)
  n=( 0.00, 0.00, 1.00) (1064.4,281.2,239.26) (1064.4,338.9,239.26) (1064.3,338.9,239.26) (1064.3,281.2,239.26) (1064.4,281.2,239.26)
  n=( 0.00, 1.00, 0.00) (1064.4,281.2,241.26) (1064.4,281.2,239.26) (1064.3,281.2,239.26) (1064.3,281.2,241.26)
  n=(-1.00, 0.00, 0.00) (1106.4,281.2,241.26) (1106.4,281.2,241.26) (1106.4,281.2,239.26) (1106.4,281.2,239.26)
  n=( 1.00, 0.00, 0.00) (1106.5,281.2,239.26) (1106.5,338.9,239.26) (1106.5,343.7,241.26) (1106.5,281.2,241.26)
  n=( 0.00, 0.00, 1.00) (1106.4,281.2,241.26) (1106.4,281.2,241.26) (1106.5,281.2,241.26) (1106.5,343.7,241.26) (1106.4,343.7,241.26)
  n=( 0.00, 0.38,-0.92) (1106.4,338.9,239.26) (1106.4,343.7,241.26) (1106.5,343.7,241.26) (1106.5,338.9,239.26)
  n=( 0.00, 0.00,-1.00) (1106.4,281.2,239.26) (1106.4,338.9,239.26) (1106.5,338.9,239.26) (1106.5,281.2,239.26) (1106.4,281.2,239.26)
  n=( 0.00,-1.00, 0.00) (1106.4,281.2,241.26) (1106.4,281.2,239.26) (1106.5,281.2,239.26) (1106.5,281.2,241.26)
  n=(-1.00, 0.00, 0.00) (1064.4,281.2,241.26) (1064.4,281.2,241.26) (1064.4,281.2,239.26) (1064.4,281.2,239.26)
  n=( 0.00, 1.00, 0.00) (1064.4,281.2,241.26) (1085.4,281.2,250.01) (1085.4,281.2,248.01) (1064.4,281.2,239.26)
  n=( 0.00, 1.00, 0.00) (1064.4,281.2,241.26) (1085.4,281.2,250.01) (1085.4,281.2,248.01) (1064.4,281.2,239.26)
  n=(-0.38, 0.00, 0.92) (1085.4,281.2,250.01) (1064.4,281.2,241.26) (1064.4,281.2,241.26) (1085.4,281.2,250.01)
  n=( 1.00, 0.00, 0.00) (1085.4,281.2,248.01) (1085.4,281.2,250.01) (1085.4,281.2,250.01) (1085.4,281.2,248.01)
  n=( 0.38, 0.00,-0.92) (1064.4,281.2,239.26) (1085.4,281.2,248.01) (1085.4,281.2,248.01) (1064.4,281.2,239.26)
  n=(-1.00, 0.00, 0.00) (1106.4,338.9,239.26) (1106.4,281.2,239.26) (1106.4,281.2,241.26) (1106.4,343.7,241.26)
  n=( 0.00, 1.00, 0.00) (1085.4,281.2,250.01) (1106.4,281.2,241.26) (1106.4,281.2,239.26) (1085.4,281.2,248.01)
  n=( 0.00,-1.00, 0.00) (1106.4,281.2,241.26) (1085.4,281.2,250.01) (1085.4,281.2,248.01) (1106.4,281.2,239.26)
  n=( 0.38, 0.00, 0.92) (1106.4,281.2,241.26) (1085.4,281.2,250.01) (1085.4,281.2,250.01) (1106.4,281.2,241.26)
  n=(-0.38, 0.00,-0.92) (1085.4,281.2,248.01) (1106.4,281.2,239.26) (1106.4,281.2,239.26) (1085.4,281.2,248.01)
  n=(-1.00, 0.00, 0.00) (1065.1,282.0,230.01) (1065.1,314.9,230.01) (1065.1,314.9,229.26) (1065.1,282.0,229.26)
  n=( 1.00, 0.00, 0.00) (1070.4,282.0,229.26) (1070.4,314.9,229.26) (1070.4,314.9,230.01) (1070.4,282.0,230.01)
  n=( 0.00, 0.00, 1.00) (1065.1,314.9,230.01) (1065.1,282.0,230.01) (1070.4,282.0,230.01) (1070.4,314.9,230.01)
  n=( 0.00, 1.00, 0.00) (1065.1,314.9,229.26) (1065.1,314.9,230.01) (1070.4,314.9,230.01) (1070.4,314.9,229.26)
  n=( 0.00, 0.00,-1.00) (1065.1,282.0,229.26) (1065.1,314.9,229.26) (1070.4,314.9,229.26) (1070.4,282.0,229.26)
  n=( 0.00,-1.00, 0.00) (1065.1,282.0,230.01) (1065.1,282.0,229.26) (1070.4,282.0,229.26) (1070.4,282.0,230.01)
  n=(-1.00, 0.00, 0.00) (1105.6,282.0,230.01) (1105.6,314.9,230.01) (1105.6,314.9,229.26) (1105.6,282.0,229.26)
  n=( 1.00, 0.00, 0.00) (1100.4,282.0,229.26) (1100.4,314.9,229.26) (1100.4,314.9,230.01) (1100.4,282.0,230.01)
  n=( 0.00, 0.00,-1.00) (1105.6,314.9,230.01) (1105.6,282.0,230.01) (1100.4,282.0,230.01) (1100.4,314.9,230.01)
  n=( 0.00,-1.00, 0.00) (1105.6,314.9,229.26) (1105.6,314.9,230.01) (1100.4,314.9,230.01) (1100.4,314.9,229.26)
  n=( 0.00, 0.00, 1.00) (1105.6,282.0,229.26) (1105.6,314.9,229.26) (1100.4,314.9,229.26) (1100.4,282.0,229.26)
  n=( 0.00, 1.00, 0.00) (1105.6,282.0,230.01) (1105.6,282.0,229.26) (1100.4,282.0,229.26) (1100.4,282.0,230.01)
  n=( 0.00, 1.00, 0.00) (1064.4,282.0,241.26) (1085.4,282.0,250.01) (1085.4,282.0,238.01) (1064.4,282.0,229.26)
  n=( 0.00, 1.00, 0.00) (1064.4,281.2,241.26) (1085.4,281.2,250.01) (1085.4,281.2,238.01) (1064.4,281.2,229.26)
  n=(-0.38, 0.00, 0.92) (1085.4,282.0,250.01) (1064.4,282.0,241.26) (1064.4,281.2,241.26) (1085.4,281.2,250.01)
  n=( 1.00, 0.00, 0.00) (1085.4,282.0,238.01) (1085.4,282.0,250.01) (1085.4,281.2,250.01) (1085.4,281.2,238.01)
  n=( 0.38, 0.00,-0.92) (1064.4,282.0,229.26) (1085.4,282.0,238.01) (1085.4,281.2,238.01) (1064.4,281.2,229.26)
  n=(-1.00, 0.00, 0.00) (1064.4,282.0,241.26) (1064.4,282.0,229.26) (1064.4,281.2,229.26) (1064.4,281.2,241.26)
  n=( 0.00, 1.00, 0.00) (1085.4,282.0,250.01) (1106.4,282.0,241.26) (1106.4,282.0,229.26) (1085.4,282.0,238.01)
  n=( 0.00, 1.00, 0.00) (1085.4,281.2,250.01) (1106.4,281.2,241.26) (1106.4,281.2,229.26) (1085.4,281.2,238.01)
  n=( 0.38, 0.00, 0.92) (1106.4,282.0,241.26) (1085.4,282.0,250.01) (1085.4,281.2,250.01) (1106.4,281.2,241.26)
  n=( 1.00, 0.00, 0.00) (1106.4,282.0,229.26) (1106.4,282.0,241.26) (1106.4,281.2,241.26) (1106.4,281.2,229.26)
  n=(-0.38, 0.00,-0.92) (1085.4,282.0,238.01) (1106.4,282.0,229.26) (1106.4,281.2,229.26) (1085.4,281.2,238.01)
  n=(-0.38, 0.00, 0.92) (1070.4,282.0,231.76) (1085.4,282.0,238.01) (1085.4,288.0,238.01) (1070.4,288.0,231.76)
  n=(-0.38, 0.00, 0.92) (1070.4,282.0,232.51) (1085.4,282.0,238.76) (1085.4,288.0,238.76) (1070.4,288.0,232.51)
  n=( 0.00, 1.00, 0.00) (1085.4,282.0,238.01) (1070.4,282.0,231.76) (1070.4,282.0,232.51) (1085.4,282.0,238.76)
  n=(-1.00, 0.00, 0.00) (1085.4,288.0,238.01) (1085.4,282.0,238.01) (1085.4,282.0,238.76) (1085.4,288.0,238.76)
  n=( 0.00,-1.00, 0.00) (1070.4,288.0,231.76) (1085.4,288.0,238.01) (1085.4,288.0,238.76) (1070.4,288.0,232.51)
  n=( 1.00, 0.00, 0.00) (1070.4,282.0,231.76) (1070.4,288.0,231.76) (1070.4,288.0,232.51) (1070.4,282.0,232.51)
  n=( 0.38, 0.00, 0.92) (1085.4,282.0,238.01) (1100.4,282.0,231.76) (1100.4,288.0,231.76) (1085.4,288.0,238.01)
  n=( 0.38, 0.00, 0.92) (1085.4,282.0,238.76) (1100.4,282.0,232.51) (1100.4,288.0,232.51) (1085.4,288.0,238.76)
  n=( 0.00, 1.00, 0.00) (1100.4,282.0,231.76) (1085.4,282.0,238.01) (1085.4,282.0,238.76) (1100.4,282.0,232.51)
  n=(-1.00, 0.00, 0.00) (1100.4,288.0,231.76) (1100.4,282.0,231.76) (1100.4,282.0,232.51) (1100.4,288.0,232.51)
  n=( 0.00,-1.00, 0.00) (1085.4,288.0,238.01) (1100.4,288.0,231.76) (1100.4,288.0,232.51) (1085.4,288.0,238.76)
  n=( 0.00,-1.00, 0.00) (1076.4,287.5,226.15) (1094.4,287.5,226.15) (1094.4,287.5,238.15) (1076.4,287.5,238.15)
  n=( 0.00, 1.00, 0.00) (1094.4,291.0,226.15) (1076.4,291.0,226.15) (1076.4,291.0,238.15) (1094.4,291.0,238.15)
  n=(-0.00,-0.00,-1.00) (1094.4,287.5,226.15) (1076.4,287.5,226.15) (1076.4,291.0,226.15) (1094.4,291.0,226.15)
  n=(-1.00, 0.00, 0.00) (1076.4,287.5,226.15) (1076.4,287.5,238.15) (1076.4,291.0,238.15) (1076.4,291.0,226.15)
  n=( 0.00, 0.00, 1.00) (1076.4,287.5,238.15) (1094.4,287.5,238.15) (1094.4,291.0,238.15) (1076.4,291.0,238.15)
  n=( 1.00, 0.00, 0.00) (1094.4,287.5,238.15) (1094.4,287.5,226.15) (1094.4,291.0,226.15) (1094.4,291.0,238.15)
  n=( 0.00, 0.00, 1.00) (1077.4,287.5,227.15) (1093.4,287.5,227.15) (1093.4,291.0,227.15) (1077.4,291.0,227.15)
  n=(-1.00, 0.00, 0.00) (1093.4,287.5,227.15) (1093.4,287.5,237.15) (1093.4,291.0,237.15) (1093.4,291.0,227.15)
  n=(-0.00,-0.00,-1.00) (1093.4,287.5,237.15) (1077.4,287.5,237.15) (1077.4,291.0,237.15) (1093.4,291.0,237.15)
  n=( 1.00, 0.00, 0.00) (1077.4,287.5,237.15) (1077.4,287.5,227.15) (1077.4,291.0,227.15) (1077.4,291.0,237.15)
  n=( 0.00,-1.00, 0.00) (1077.4,288.0,227.15) (1093.4,288.0,227.15) (1093.4,288.0,237.15) (1077.4,288.0,237.15)
  n=( 0.00, 1.00, 0.00) (1093.4,290.0,227.15) (1077.4,290.0,227.15) (1077.4,290.0,237.15) (1093.4,290.0,237.15)
  n=(-0.00,-0.00,-1.00) (1093.4,288.0,227.15) (1077.4,288.0,227.15) (1077.4,290.0,227.15) (1093.4,290.0,227.15)
  n=(-1.00, 0.00, 0.00) (1077.4,288.0,227.15) (1077.4,288.0,237.15) (1077.4,290.0,237.15) (1077.4,290.0,227.15)
  n=( 0.00, 0.00, 1.00) (1077.4,288.0,237.15) (1093.4,288.0,237.15) (1093.4,290.0,237.15) (1077.4,290.0,237.15)
  n=( 1.00, 0.00, 0.00) (1093.4,288.0,237.15) (1093.4,288.0,227.15) (1093.4,290.0,227.15) (1093.4,290.0,237.15)
  n=( 0.00, 0.00, 1.00) (1078.4,288.0,228.15) (1092.4,288.0,228.15) (1092.4,290.0,228.15) (1078.4,290.0,228.15)
  n=(-1.00, 0.00, 0.00) (1092.4,288.0,228.15) (1092.4,288.0,236.15) (1092.4,290.0,236.15) (1092.4,290.0,228.15)
  n=(-0.00,-0.00,-1.00) (1092.4,288.0,236.15) (1078.4,288.0,236.15) (1078.4,290.0,236.15) (1092.4,290.0,236.15)
  n=( 1.00, 0.00, 0.00) (1078.4,288.0,236.15) (1078.4,288.0,228.15) (1078.4,290.0,228.15) (1078.4,290.0,236.15)
  n=( 0.00,-1.00, 0.00) (1078.4,288.9,228.15) (1092.4,288.9,228.15) (1092.4,288.9,236.15) (1078.4,288.9,236.15)
  n=( 0.00, 1.00, 0.00) (1092.4,289.1,228.15) (1078.4,289.1,228.15) (1078.4,289.1,236.15) (1092.4,289.1,236.15)
  n=(-0.00,-0.00,-1.00) (1092.4,288.9,228.15) (1078.4,288.9,228.15) (1078.4,289.1,228.15) (1092.4,289.1,228.15)
  n=(-1.00, 0.00, 0.00) (1078.4,288.9,228.15) (1078.4,288.9,236.15) (1078.4,289.1,236.15) (1078.4,289.1,228.15)
  n=( 0.00, 0.00, 1.00) (1078.4,288.9,236.15) (1092.4,288.9,236.15) (1092.4,289.1,236.15) (1078.4,289.1,236.15)
  n=( 1.00, 0.00, 0.00) (1092.4,288.9,236.15) (1092.4,288.9,228.15) (1092.4,289.1,228.15) (1092.4,289.1,236.15)
  n=(-0.73, 0.00, 0.68) (1081.9,281.2,249.09) (1083.7,281.2,250.93) (1083.7,296.2,250.93) (1081.9,296.2,249.09)
  n=(-0.73, 0.00, 0.68) (1081.9,281.2,249.54) (1083.7,281.2,251.38) (1083.7,296.2,251.38) (1081.9,296.2,249.54)
  n=(-0.54, 0.00, 0.84) (1083.7,281.2,250.93) (1085.4,281.2,252.02) (1085.4,296.2,252.02) (1083.7,296.2,250.93)
  n=(-0.54, 0.00, 0.84) (1083.7,281.2,251.38) (1085.4,281.2,252.47) (1085.4,296.2,252.47) (1083.7,296.2,251.38)
  n=( 0.54, 0.00, 0.84) (1085.4,281.2,252.02) (1087.1,281.2,250.93) (1087.1,296.2,250.93) (1085.4,296.2,252.02)
  n=( 0.54, 0.00, 0.84) (1085.4,281.2,252.47) (1087.1,281.2,251.38) (1087.1,296.2,251.38) (1085.4,296.2,252.47)
  n=( 0.73, 0.00, 0.68) (1087.1,281.2,250.93) (1088.8,281.2,249.09) (1088.8,296.2,249.09) (1087.1,296.2,250.93)
  n=( 0.73, 0.00, 0.68) (1087.1,281.2,251.38) (1088.8,281.2,249.54) (1088.8,296.2,249.54) (1087.1,296.2,251.38)
  n=( 1.00, 0.00, 0.00) (1081.9,281.2,249.09) (1081.9,296.2,249.09) (1081.9,296.2,249.54) (1081.9,281.2,249.54)
  n=(-1.00, 0.00, 0.00) (1088.8,296.2,249.09) (1088.8,281.2,249.09) (1088.8,281.2,249.54) (1088.8,296.2,249.54)
  n=( 0.00, 1.00, 0.00) (1083.7,281.2,250.93) (1081.9,281.2,249.09) (1081.9,281.2,249.54) (1083.7,281.2,251.38) (1085.4,281.2,252.47) (1087.1,281.2,251.38) (1088.8,281.2,249.54) (1088.8,281.2,249.09) (1087.1,281.2,250.93) (1085.4,281.2,252.02)
  n=( 0.00,-1.00, 0.00) (1081.9,296.2,249.09) (1083.7,296.2,250.93) (1085.4,296.2,252.02) (1087.1,296.2,250.93) (1088.8,296.2,249.09) (1088.8,296.2,249.54) (1087.1,296.2,251.38) (1085.4,296.2,252.47) (1083.7,296.2,251.38) (1081.9,296.2,249.54)
  n=(-0.73, 0.03, 0.68) (1081.9,293.2,249.65) (1083.7,293.2,251.49) (1083.7,308.2,250.93) (1081.9,308.2,249.09)
  n=(-0.73, 0.03, 0.68) (1081.9,293.2,250.10) (1083.7,293.2,251.94) (1083.7,308.2,251.38) (1081.9,308.2,249.54)
  n=(-0.54, 0.03, 0.84) (1083.7,293.2,251.49) (1085.4,293.2,252.58) (1085.4,308.2,252.02) (1083.7,308.2,250.93)
  n=(-0.54, 0.03, 0.84) (1083.7,293.2,251.94) (1085.4,293.2,253.03) (1085.4,308.2,252.47) (1083.7,308.2,251.38)
  n=( 0.54, 0.03, 0.84) (1085.4,293.2,252.58) (1087.1,293.2,251.49) (1087.1,308.2,250.93) (1085.4,308.2,252.02)
  n=( 0.54, 0.03, 0.84) (1085.4,293.2,253.03) (1087.1,293.2,251.94) (1087.1,308.2,251.38) (1085.4,308.2,252.47)
  n=( 0.73, 0.03, 0.68) (1087.1,293.2,251.49) (1088.8,293.2,249.65) (1088.8,308.2,249.09) (1087.1,308.2,250.93)
  n=( 0.73, 0.03, 0.68) (1087.1,293.2,251.94) (1088.8,293.2,250.10) (1088.8,308.2,249.54) (1087.1,308.2,251.38)
  n=( 1.00, 0.00, 0.00) (1081.9,293.2,249.65) (1081.9,308.2,249.09) (1081.9,308.2,249.54) (1081.9,293.2,250.10)
  n=(-1.00, 0.00, 0.00) (1088.8,308.2,249.09) (1088.8,293.2,249.65) (1088.8,293.2,250.10) (1088.8,308.2,249.54)
  n=( 0.00, 1.00, 0.00) (1083.7,293.2,251.49) (1081.9,293.2,249.65) (1081.9,293.2,250.10) (1083.7,293.2,251.94) (1085.4,293.2,253.03) (1087.1,293.2,251.94) (1088.8,293.2,250.10) (1088.8,293.2,249.65) (1087.1,293.2,251.49) (1085.4,293.2,252.58)
  n=( 0.00,-1.00, 0.00) (1081.9,308.2,249.09) (1083.7,308.2,250.93) (1085.4,308.2,252.02) (1087.1,308.2,250.93) (1088.8,308.2,249.09) (1088.8,308.2,249.54) (1087.1,308.2,251.38) (1085.4,308.2,252.47) (1083.7,308.2,251.38) (1081.9,308.2,249.54)
  n=(-0.73, 0.03, 0.68) (1081.9,305.2,249.65) (1083.7,305.2,251.49) (1083.7,320.2,250.93) (1081.9,320.2,249.09)
  n=(-0.73, 0.03, 0.68) (1081.9,305.2,250.10) (1083.7,305.2,251.94) (1083.7,320.2,251.38) (1081.9,320.2,249.54)
  n=(-0.54, 0.03, 0.84) (1083.7,305.2,251.49) (1085.4,305.2,252.58) (1085.4,320.2,252.02) (1083.7,320.2,250.93)
  n=(-0.54, 0.03, 0.84) (1083.7,305.2,251.94) (1085.4,305.2,253.03) (1085.4,320.2,252.47) (1083.7,320.2,251.38)
  n=( 0.54, 0.03, 0.84) (1085.4,305.2,252.58) (1087.1,305.2,251.49) (1087.1,320.2,250.93) (1085.4,320.2,252.02)
  n=( 0.54, 0.03, 0.84) (1085.4,305.2,253.03) (1087.1,305.2,251.94) (1087.1,320.2,251.38) (1085.4,320.2,252.47)
  n=( 0.73, 0.03, 0.68) (1087.1,305.2,251.49) (1088.8,305.2,249.65) (1088.8,320.2,249.09) (1087.1,320.2,250.93)
  n=( 0.73, 0.03, 0.68) (1087.1,305.2,251.94) (1088.8,305.2,250.10) (1088.8,320.2,249.54) (1087.1,320.2,251.38)
  n=( 1.00, 0.00, 0.00) (1081.9,305.2,249.65) (1081.9,320.2,249.09) (1081.9,320.2,249.54) (1081.9,305.2,250.10)
  n=(-1.00, 0.00, 0.00) (1088.8,320.2,249.09) (1088.8,305.2,249.65) (1088.8,305.2,250.10) (1088.8,320.2,249.54)
  n=( 0.00, 1.00, 0.00) (1083.7,305.2,251.49) (1081.9,305.2,249.65) (1081.9,305.2,250.10) (1083.7,305.2,251.94) (1085.4,305.2,253.03) (1087.1,305.2,251.94) (1088.8,305.2,250.10) (1088.8,305.2,249.65) (1087.1,305.2,251.49) (1085.4,305.2,252.58)
  n=( 0.00,-1.00, 0.00) (1081.9,320.2,249.09) (1083.7,320.2,250.93) (1085.4,320.2,252.02) (1087.1,320.2,250.93) (1088.8,320.2,249.09) (1088.8,320.2,249.54) (1087.1,320.2,251.38) (1085.4,320.2,252.47) (1083.7,320.2,251.38) (1081.9,320.2,249.54)
  n=(-0.73, 0.03, 0.68) (1081.9,317.2,249.65) (1083.7,317.2,251.49) (1083.7,332.2,250.93) (1081.9,332.2,249.09)
  n=(-0.73, 0.03, 0.68) (1081.9,317.2,250.10) (1083.7,317.2,251.94) (1083.7,332.2,251.38) (1081.9,332.2,249.54)
  n=(-0.54, 0.03, 0.84) (1083.7,317.2,251.49) (1085.4,317.2,252.58) (1085.4,332.2,252.02) (1083.7,332.2,250.93)
  n=(-0.54, 0.03, 0.84) (1083.7,317.2,251.94) (1085.4,317.2,253.03) (1085.4,332.2,252.47) (1083.7,332.2,251.38)
  n=( 0.54, 0.03, 0.84) (1085.4,317.2,252.58) (1087.1,317.2,251.49) (1087.1,332.2,250.93) (1085.4,332.2,252.02)
  n=( 0.54, 0.03, 0.84) (1085.4,317.2,253.03) (1087.1,317.2,251.94) (1087.1,332.2,251.38) (1085.4,332.2,252.47)
  n=( 0.73, 0.03, 0.68) (1087.1,317.2,251.49) (1088.8,317.2,249.65) (1088.8,332.2,249.09) (1087.1,332.2,250.93)
  n=( 0.73, 0.03, 0.68) (1087.1,317.2,251.94) (1088.8,317.2,250.10) (1088.8,332.2,249.54) (1087.1,332.2,251.38)
  n=( 1.00, 0.00, 0.00) (1081.9,317.2,249.65) (1081.9,332.2,249.09) (1081.9,332.2,249.54) (1081.9,317.2,250.10)
  n=(-1.00, 0.00, 0.00) (1088.8,332.2,249.09) (1088.8,317.2,249.65) (1088.8,317.2,250.10) (1088.8,332.2,249.54)
  n=( 0.00, 1.00, 0.00) (1083.7,317.2,251.49) (1081.9,317.2,249.65) (1081.9,317.2,250.10) (1083.7,317.2,251.94) (1085.4,317.2,253.03) (1087.1,317.2,251.94) (1088.8,317.2,250.10) (1088.8,317.2,249.65) (1087.1,317.2,251.49) (1085.4,317.2,252.58)
  n=( 0.00,-1.00, 0.00) (1081.9,332.2,249.09) (1083.7,332.2,250.93) (1085.4,332.2,252.02) (1087.1,332.2,250.93) (1088.8,332.2,249.09) (1088.8,332.2,249.54) (1087.1,332.2,251.38) (1085.4,332.2,252.47) (1083.7,332.2,251.38) (1081.9,332.2,249.54)
  n=(-0.73, 0.03, 0.68) (1081.9,329.2,249.65) (1083.7,329.2,251.49) (1083.7,344.2,250.93) (1081.9,344.2,249.09)
  n=(-0.73, 0.03, 0.68) (1081.9,329.2,250.10) (1083.7,329.2,251.94) (1083.7,344.2,251.38) (1081.9,344.2,249.54)
  n=(-0.54, 0.03, 0.84) (1083.7,329.2,251.49) (1085.4,329.2,252.58) (1085.4,344.2,252.02) (1083.7,344.2,250.93)
  n=(-0.54, 0.03, 0.84) (1083.7,329.2,251.94) (1085.4,329.2,253.03) (1085.4,344.2,252.47) (1083.7,344.2,251.38)
  n=( 0.54, 0.03, 0.84) (1085.4,329.2,252.58) (1087.1,329.2,251.49) (1087.1,344.2,250.93) (1085.4,344.2,252.02)
  n=( 0.54, 0.03, 0.84) (1085.4,329.2,253.03) (1087.1,329.2,251.94) (1087.1,344.2,251.38) (1085.4,344.2,252.47)
  n=( 0.73, 0.03, 0.68) (1087.1,329.2,251.49) (1088.8,329.2,249.65) (1088.8,344.2,249.09) (1087.1,344.2,250.93)
  n=( 0.73, 0.03, 0.68) (1087.1,329.2,251.94) (1088.8,329.2,250.10) (1088.8,344.2,249.54) (1087.1,344.2,251.38)
  n=( 1.00, 0.00, 0.00) (1081.9,329.2,249.65) (1081.9,344.2,249.09) (1081.9,344.2,249.54) (1081.9,329.2,250.10)
  n=(-1.00, 0.00, 0.00) (1088.8,344.2,249.09) (1088.8,329.2,249.65) (1088.8,329.2,250.10) (1088.8,344.2,249.54)
  n=( 0.00, 1.00, 0.00) (1083.7,329.2,251.49) (1081.9,329.2,249.65) (1081.9,329.2,250.10) (1083.7,329.2,251.94) (1085.4,329.2,253.03) (1087.1,329.2,251.94) (1088.8,329.2,250.10) (1088.8,329.2,249.65) (1087.1,329.2,251.49) (1085.4,329.2,252.58)
  n=( 0.00,-1.00, 0.00) (1081.9,344.2,249.09) (1083.7,344.2,250.93) (1085.4,344.2,252.02) (1087.1,344.2,250.93) (1088.8,344.2,249.09) (1088.8,344.2,249.54) (1087.1,344.2,251.38) (1085.4,344.2,252.47) (1083.7,344.2,251.38) (1081.9,344.2,249.54)
  n=(-0.73, 0.03, 0.68) (1081.9,341.2,249.65) (1083.7,341.2,251.49) (1083.7,356.2,250.93) (1081.9,356.2,249.09)
  n=(-0.73, 0.03, 0.68) (1081.9,341.2,250.10) (1083.7,341.2,251.94) (1083.7,356.2,251.38) (1081.9,356.2,249.54)
  n=(-0.54, 0.03, 0.84) (1083.7,341.2,251.49) (1085.4,341.2,252.58) (1085.4,356.2,252.02) (1083.7,356.2,250.93)
  n=(-0.54, 0.03, 0.84) (1083.7,341.2,251.94) (1085.4,341.2,253.03) (1085.4,356.2,252.47) (1083.7,356.2,251.38)
  n=( 0.54, 0.03, 0.84) (1085.4,341.2,252.58) (1087.1,341.2,251.49) (1087.1,356.2,250.93) (1085.4,356.2,252.02)
  n=( 0.54, 0.03, 0.84) (1085.4,341.2,253.03) (1087.1,341.2,251.94) (1087.1,356.2,251.38) (1085.4,356.2,252.47)
  n=( 0.73, 0.03, 0.68) (1087.1,341.2,251.49) (1088.8,341.2,249.65) (1088.8,356.2,249.09) (1087.1,356.2,250.93)
  n=( 0.73, 0.03, 0.68) (1087.1,341.2,251.94) (1088.8,341.2,250.10) (1088.8,356.2,249.54) (1087.1,356.2,251.38)
  n=( 1.00, 0.00, 0.00) (1081.9,341.2,249.65) (1081.9,356.2,249.09) (1081.9,356.2,249.54) (1081.9,341.2,250.10)
  n=(-1.00, 0.00, 0.00) (1088.8,356.2,249.09) (1088.8,341.2,249.65) (1088.8,341.2,250.10) (1088.8,356.2,249.54)
  n=( 0.00, 1.00, 0.00) (1083.7,341.2,251.49) (1081.9,341.2,249.65) (1081.9,341.2,250.10) (1083.7,341.2,251.94) (1085.4,341.2,253.03) (1087.1,341.2,251.94) (1088.8,341.2,250.10) (1088.8,341.2,249.65) (1087.1,341.2,251.49) (1085.4,341.2,252.58)
  n=( 0.00,-1.00, 0.00) (1081.9,356.2,249.09) (1083.7,356.2,250.93) (1085.4,356.2,252.02) (1087.1,356.2,250.93) (1088.8,356.2,249.09) (1088.8,356.2,249.54) (1087.1,356.2,251.38) (1085.4,356.2,252.47) (1083.7,356.2,251.38) (1081.9,356.2,249.54)
  n=(-0.73, 0.03, 0.68) (1081.9,353.2,249.65) (1083.7,353.2,251.49) (1083.7,362.4,251.14) (1081.9,362.4,249.30)
  n=(-0.73, 0.03, 0.68) (1081.9,353.2,250.10) (1083.7,353.2,251.94) (1083.7,362.4,251.59) (1081.9,362.4,249.75)
  n=(-0.54, 0.03, 0.84) (1083.7,353.2,251.49) (1085.4,353.2,252.58) (1085.4,362.4,252.23) (1083.7,362.4,251.14)
  n=(-0.54, 0.03, 0.84) (1083.7,353.2,251.94) (1085.4,353.2,253.03) (1085.4,362.4,252.68) (1083.7,362.4,251.59)
  n=( 0.54, 0.03, 0.84) (1085.4,353.2,252.58) (1087.1,353.2,251.49) (1087.1,362.4,251.14) (1085.4,362.4,252.23)
  n=( 0.54, 0.03, 0.84) (1085.4,353.2,253.03) (1087.1,353.2,251.94) (1087.1,362.4,251.59) (1085.4,362.4,252.68)
  n=( 0.73, 0.03, 0.68) (1087.1,353.2,251.49) (1088.8,353.2,249.65) (1088.8,362.4,249.30) (1087.1,362.4,251.14)
  n=( 0.73, 0.03, 0.68) (1087.1,353.2,251.94) (1088.8,353.2,250.10) (1088.8,362.4,249.75) (1087.1,362.4,251.59)
  n=( 1.00, 0.00, 0.00) (1081.9,353.2,249.65) (1081.9,362.4,249.30) (1081.9,362.4,249.75) (1081.9,353.2,250.10)
  n=(-1.00, 0.00, 0.00) (1088.8,362.4,249.30) (1088.8,353.2,249.65) (1088.8,353.2,250.10) (1088.8,362.4,249.75)
  n=( 0.00, 1.00, 0.00) (1083.7,353.2,251.49) (1081.9,353.2,249.65) (1081.9,353.2,250.10) (1083.7,353.2,251.94) (1085.4,353.2,253.03) (1087.1,353.2,251.94) (1088.8,353.2,250.10) (1088.8,353.2,249.65) (1087.1,353.2,251.49) (1085.4,353.2,252.58)
  n=( 0.00,-1.00, 0.00) (1081.9,362.4,249.30) (1083.7,362.4,251.14) (1085.4,362.4,252.23) (1087.1,362.4,251.14) (1088.8,362.4,249.30) (1088.8,362.4,249.75) (1087.1,362.4,251.59) (1085.4,362.4,252.68) (1083.7,362.4,251.59) (1081.9,362.4,249.75)

dormer_front: 11 faces, z 218.04 .. 250.01 (height 31.97")
  n=( 0.00, 1.00, 0.00) (1100.4,288.0,218.04) (1070.4,288.0,218.04) (1070.4,288.0,243.76) (1085.4,288.0,250.01) (1100.4,288.0,243.76)
  n=( 0.00,-1.00, 0.00) (1095.4,293.0,245.85) (1085.4,293.0,250.01) (1075.4,293.0,245.85) (1075.4,293.0,218.04) (1095.4,293.0,218.04)
  n=( 0.00, 0.00, 1.00) (1070.4,288.0,218.04) (1100.4,288.0,218.04) (1095.4,293.0,218.04) (1075.4,293.0,218.04)
  n=( 0.71,-0.71, 0.00) (1070.4,288.0,243.76) (1070.4,288.0,218.04) (1075.4,293.0,218.04) (1075.4,293.0,245.85)
  n=( 0.38, 0.00,-0.92) (1085.4,288.0,250.01) (1070.4,288.0,243.76) (1075.4,293.0,245.85) (1085.4,293.0,250.01)
  n=(-0.38, 0.00,-0.92) (1100.4,288.0,243.76) (1085.4,288.0,250.01) (1085.4,293.0,250.01) (1095.4,293.0,245.85)
  n=(-0.71,-0.71, 0.00) (1100.4,288.0,218.04) (1100.4,288.0,243.76) (1095.4,293.0,245.85) (1095.4,293.0,218.04)
  n=( 0.00, 0.00,-1.00) (1094.4,288.0,226.15) (1076.4,288.0,226.15) (1076.4,293.0,226.15) (1094.4,293.0,226.15)
  n=(-1.00, 0.00, 0.00) (1076.4,288.0,226.15) (1076.4,288.0,238.15) (1076.4,293.0,238.15) (1076.4,293.0,226.15)
  n=( 0.00, 0.00, 1.00) (1076.4,288.0,238.15) (1094.4,288.0,238.15) (1094.4,293.0,238.15) (1076.4,293.0,238.15)
  n=( 1.00, 0.00, 0.00) (1094.4,288.0,238.15) (1094.4,288.0,226.15) (1094.4,293.0,226.15) (1094.4,293.0,238.15)

dormer_cheek: 5 faces, z 218.04 .. 243.76 (height 25.72")
  n=(-1.00, 0.00, 0.00) (1070.4,288.0,218.04) (1070.4,288.0,243.76) (1070.4,349.7,243.76)
  n=( 1.00, 0.00, 0.00) (1075.4,349.7,243.76) (1075.4,293.0,243.76) (1075.4,293.0,220.12)
  n=( 0.71,-0.71, 0.00) (1070.4,288.0,243.76) (1070.4,288.0,218.04) (1075.4,293.0,220.12) (1075.4,293.0,243.76)
  n=( 0.00, 0.00, 1.00) (1070.4,349.7,243.76) (1070.4,288.0,243.76) (1075.4,293.0,243.76) (1075.4,349.7,243.76)
  n=( 0.00, 0.38,-0.92) (1070.4,288.0,218.04) (1070.4,349.7,243.76) (1075.4,349.7,243.76) (1075.4,293.0,220.12)

dormer_cheek: 5 faces, z 218.04 .. 243.76 (height 25.72")
  n=(-1.00, 0.00, 0.00) (1100.4,288.0,218.04) (1100.4,288.0,243.76) (1100.4,349.7,243.76)
  n=( 1.00, 0.00, 0.00) (1095.4,349.7,243.76) (1095.4,293.0,243.76) (1095.4,293.0,220.12)
  n=( 0.71, 0.71, 0.00) (1100.4,288.0,243.76) (1100.4,288.0,218.04) (1095.4,293.0,220.12) (1095.4,293.0,243.76)
  n=( 0.00, 0.00,-1.00) (1100.4,349.7,243.76) (1100.4,288.0,243.76) (1095.4,293.0,243.76) (1095.4,349.7,243.76)
  n=( 0.00,-0.38, 0.92) (1100.4,288.0,218.04) (1100.4,349.7,243.76) (1095.4,349.7,243.76) (1095.4,293.0,220.12)

dormer_fascia: 12 faces, z 229.26 .. 241.26 (height 12.00")
  n=(-1.00, 0.00, 0.00) (1065.1,282.0,241.26) (1065.1,343.7,241.26) (1065.1,314.9,229.26) (1065.1,282.0,229.26)
  n=( 1.00, 0.00, 0.00) (1064.4,282.0,229.26) (1064.4,314.9,229.26) (1064.4,343.7,241.26) (1064.4,282.0,241.26)
  n=( 0.00, 0.00,-1.00) (1065.1,343.7,241.26) (1065.1,282.0,241.26) (1064.4,282.0,241.26) (1064.4,343.7,241.26)
  n=( 0.00,-0.38, 0.92) (1065.1,314.9,229.26) (1065.1,343.7,241.26) (1064.4,343.7,241.26) (1064.4,314.9,229.26)
  n=( 0.00, 0.00, 1.00) (1065.1,282.0,229.26) (1065.1,314.9,229.26) (1064.4,314.9,229.26) (1064.4,282.0,229.26)
  n=( 0.00, 1.00, 0.00) (1065.1,282.0,241.26) (1065.1,282.0,229.26) (1064.4,282.0,229.26) (1064.4,282.0,241.26)
  n=(-1.00, 0.00, 0.00) (1105.6,282.0,241.26) (1105.6,343.7,241.26) (1105.6,314.9,229.26) (1105.6,282.0,229.26)
  n=( 1.00, 0.00, 0.00) (1106.4,282.0,229.26) (1106.4,314.9,229.26) (1106.4,343.7,241.26) (1106.4,282.0,241.26)
  n=( 0.00, 0.00, 1.00) (1105.6,343.7,241.26) (1105.6,282.0,241.26) (1106.4,282.0,241.26) (1106.4,343.7,241.26)
  n=( 0.00, 0.38,-0.92) (1105.6,314.9,229.26) (1105.6,343.7,241.26) (1106.4,343.7,241.26) (1106.4,314.9,229.26)
  n=( 0.00, 0.00,-1.00) (1105.6,282.0,229.26) (1105.6,314.9,229.26) (1106.4,314.9,229.26) (1106.4,282.0,229.26)
  n=( 0.00,-1.00, 0.00) (1105.6,282.0,241.26) (1105.6,282.0,229.26) (1106.4,282.0,229.26) (1106.4,282.0,241.26)

dormer_drip: 23 faces, z 239.26 .. 250.01 (height 10.75")
  n=(-1.00, 0.00, 0.00) (1064.4,338.9,239.26) (1064.4,281.2,239.26) (1064.4,281.2,241.26) (1064.4,343.7,241.26)
  n=( 1.00, 0.00, 0.00) (1064.3,281.2,239.26) (1064.3,338.9,239.26) (1064.3,343.7,241.26) (1064.3,281.2,241.26)
  n=( 0.00, 0.00,-1.00) (1064.4,281.2,241.26) (1064.4,281.2,241.26) (1064.3,281.2,241.26) (1064.3,343.7,241.26) (1064.4,343.7,241.26)
  n=( 0.00,-0.38, 0.92) (1064.4,338.9,239.26) (1064.4,343.7,241.26) (1064.3,343.7,241.26) (1064.3,338.9,239.26)
  n=( 0.00, 0.00, 1.00) (1064.4,281.2,239.26) (1064.4,338.9,239.26) (1064.3,338.9,239.26) (1064.3,281.2,239.26) (1064.4,281.2,239.26)
  n=( 0.00, 1.00, 0.00) (1064.4,281.2,241.26) (1064.4,281.2,239.26) (1064.3,281.2,239.26) (1064.3,281.2,241.26)
  n=(-1.00, 0.00, 0.00) (1106.4,281.2,241.26) (1106.4,281.2,241.26) (1106.4,281.2,239.26) (1106.4,281.2,239.26)
  n=( 1.00, 0.00, 0.00) (1106.5,281.2,239.26) (1106.5,338.9,239.26) (1106.5,343.7,241.26) (1106.5,281.2,241.26)
  n=( 0.00, 0.00, 1.00) (1106.4,281.2,241.26) (1106.4,281.2,241.26) (1106.5,281.2,241.26) (1106.5,343.7,241.26) (1106.4,343.7,241.26)
  n=( 0.00, 0.38,-0.92) (1106.4,338.9,239.26) (1106.4,343.7,241.26) (1106.5,343.7,241.26) (1106.5,338.9,239.26)
  n=( 0.00, 0.00,-1.00) (1106.4,281.2,239.26) (1106.4,338.9,239.26) (1106.5,338.9,239.26) (1106.5,281.2,239.26) (1106.4,281.2,239.26)
  n=( 0.00,-1.00, 0.00) (1106.4,281.2,241.26) (1106.4,281.2,239.26) (1106.5,281.2,239.26) (1106.5,281.2,241.26)
  n=(-1.00, 0.00, 0.00) (1064.4,281.2,241.26) (1064.4,281.2,241.26) (1064.4,281.2,239.26) (1064.4,281.2,239.26)
  n=( 0.00, 1.00, 0.00) (1064.4,281.2,241.26) (1085.4,281.2,250.01) (1085.4,281.2,248.01) (1064.4,281.2,239.26)
  n=( 0.00, 1.00, 0.00) (1064.4,281.2,241.26) (1085.4,281.2,250.01) (1085.4,281.2,248.01) (1064.4,281.2,239.26)
  n=(-0.38, 0.00, 0.92) (1085.4,281.2,250.01) (1064.4,281.2,241.26) (1064.4,281.2,241.26) (1085.4,281.2,250.01)
  n=( 1.00, 0.00, 0.00) (1085.4,281.2,248.01) (1085.4,281.2,250.01) (1085.4,281.2,250.01) (1085.4,281.2,248.01)
  n=( 0.38, 0.00,-0.92) (1064.4,281.2,239.26) (1085.4,281.2,248.01) (1085.4,281.2,248.01) (1064.4,281.2,239.26)
  n=(-1.00, 0.00, 0.00) (1106.4,338.9,239.26) (1106.4,281.2,239.26) (1106.4,281.2,241.26) (1106.4,343.7,241.26)
  n=( 0.00, 1.00, 0.00) (1085.4,281.2,250.01) (1106.4,281.2,241.26) (1106.4,281.2,239.26) (1085.4,281.2,248.01)
  n=( 0.00,-1.00, 0.00) (1106.4,281.2,241.26) (1085.4,281.2,250.01) (1085.4,281.2,248.01) (1106.4,281.2,239.26)
  n=( 0.38, 0.00, 0.92) (1106.4,281.2,241.26) (1085.4,281.2,250.01) (1085.4,281.2,250.01) (1106.4,281.2,241.26)
  n=(-0.38, 0.00,-0.92) (1085.4,281.2,248.01) (1106.4,281.2,239.26) (1106.4,281.2,239.26) (1085.4,281.2,248.01)

dormer_soffit: 12 faces, z 229.26 .. 230.01 (height 0.75")
  n=(-1.00, 0.00, 0.00) (1065.1,282.0,230.01) (1065.1,314.9,230.01) (1065.1,314.9,229.26) (1065.1,282.0,229.26)
  n=( 1.00, 0.00, 0.00) (1070.4,282.0,229.26) (1070.4,314.9,229.26) (1070.4,314.9,230.01) (1070.4,282.0,230.01)
  n=( 0.00, 0.00, 1.00) (1065.1,314.9,230.01) (1065.1,282.0,230.01) (1070.4,282.0,230.01) (1070.4,314.9,230.01)
  n=( 0.00, 1.00, 0.00) (1065.1,314.9,229.26) (1065.1,314.9,230.01) (1070.4,314.9,230.01) (1070.4,314.9,229.26)
  n=( 0.00, 0.00,-1.00) (1065.1,282.0,229.26) (1065.1,314.9,229.26) (1070.4,314.9,229.26) (1070.4,282.0,229.26)
  n=( 0.00,-1.00, 0.00) (1065.1,282.0,230.01) (1065.1,282.0,229.26) (1070.4,282.0,229.26) (1070.4,282.0,230.01)
  n=(-1.00, 0.00, 0.00) (1105.6,282.0,230.01) (1105.6,314.9,230.01) (1105.6,314.9,229.26) (1105.6,282.0,229.26)
  n=( 1.00, 0.00, 0.00) (1100.4,282.0,229.26) (1100.4,314.9,229.26) (1100.4,314.9,230.01) (1100.4,282.0,230.01)
  n=( 0.00, 0.00,-1.00) (1105.6,314.9,230.01) (1105.6,282.0,230.01) (1100.4,282.0,230.01) (1100.4,314.9,230.01)
  n=( 0.00,-1.00, 0.00) (1105.6,314.9,229.26) (1105.6,314.9,230.01) (1100.4,314.9,230.01) (1100.4,314.9,229.26)
  n=( 0.00, 0.00, 1.00) (1105.6,282.0,229.26) (1105.6,314.9,229.26) (1100.4,314.9,229.26) (1100.4,282.0,229.26)
  n=( 0.00, 1.00, 0.00) (1105.6,282.0,230.01) (1105.6,282.0,229.26) (1100.4,282.0,229.26) (1100.4,282.0,230.01)

dormer_rake: 11 faces, z 229.26 .. 250.01 (height 20.75")
  n=( 0.00, 1.00, 0.00) (1064.4,282.0,241.26) (1085.4,282.0,250.01) (1085.4,282.0,238.01) (1064.4,282.0,229.26)
  n=( 0.00, 1.00, 0.00) (1064.4,281.2,241.26) (1085.4,281.2,250.01) (1085.4,281.2,238.01) (1064.4,281.2,229.26)
  n=(-0.38, 0.00, 0.92) (1085.4,282.0,250.01) (1064.4,282.0,241.26) (1064.4,281.2,241.26) (1085.4,281.2,250.01)
  n=( 1.00, 0.00, 0.00) (1085.4,282.0,238.01) (1085.4,282.0,250.01) (1085.4,281.2,250.01) (1085.4,281.2,238.01)
  n=( 0.38, 0.00,-0.92) (1064.4,282.0,229.26) (1085.4,282.0,238.01) (1085.4,281.2,238.01) (1064.4,281.2,229.26)
  n=(-1.00, 0.00, 0.00) (1064.4,282.0,241.26) (1064.4,282.0,229.26) (1064.4,281.2,229.26) (1064.4,281.2,241.26)
  n=( 0.00, 1.00, 0.00) (1085.4,282.0,250.01) (1106.4,282.0,241.26) (1106.4,282.0,229.26) (1085.4,282.0,238.01)
  n=( 0.00, 1.00, 0.00) (1085.4,281.2,250.01) (1106.4,281.2,241.26) (1106.4,281.2,229.26) (1085.4,281.2,238.01)
  n=( 0.38, 0.00, 0.92) (1106.4,282.0,241.26) (1085.4,282.0,250.01) (1085.4,281.2,250.01) (1106.4,281.2,241.26)
  n=( 1.00, 0.00, 0.00) (1106.4,282.0,229.26) (1106.4,282.0,241.26) (1106.4,281.2,241.26) (1106.4,281.2,229.26)
  n=(-0.38, 0.00,-0.92) (1085.4,282.0,238.01) (1106.4,282.0,229.26) (1106.4,281.2,229.26) (1085.4,281.2,238.01)

dormer_soffit: 11 faces, z 231.76 .. 238.76 (height 7.00")
  n=(-0.38, 0.00, 0.92) (1070.4,282.0,231.76) (1085.4,282.0,238.01) (1085.4,288.0,238.01) (1070.4,288.0,231.76)
  n=(-0.38, 0.00, 0.92) (1070.4,282.0,232.51) (1085.4,282.0,238.76) (1085.4,288.0,238.76) (1070.4,288.0,232.51)
  n=( 0.00, 1.00, 0.00) (1085.4,282.0,238.01) (1070.4,282.0,231.76) (1070.4,282.0,232.51) (1085.4,282.0,238.76)
  n=(-1.00, 0.00, 0.00) (1085.4,288.0,238.01) (1085.4,282.0,238.01) (1085.4,282.0,238.76) (1085.4,288.0,238.76)
  n=( 0.00,-1.00, 0.00) (1070.4,288.0,231.76) (1085.4,288.0,238.01) (1085.4,288.0,238.76) (1070.4,288.0,232.51)
  n=( 1.00, 0.00, 0.00) (1070.4,282.0,231.76) (1070.4,288.0,231.76) (1070.4,288.0,232.51) (1070.4,282.0,232.51)
  n=( 0.38, 0.00, 0.92) (1085.4,282.0,238.01) (1100.4,282.0,231.76) (1100.4,288.0,231.76) (1085.4,288.0,238.01)
  n=( 0.38, 0.00, 0.92) (1085.4,282.0,238.76) (1100.4,282.0,232.51) (1100.4,288.0,232.51) (1085.4,288.0,238.76)
  n=( 0.00, 1.00, 0.00) (1100.4,282.0,231.76) (1085.4,282.0,238.01) (1085.4,282.0,238.76) (1100.4,282.0,232.51)
  n=(-1.00, 0.00, 0.00) (1100.4,288.0,231.76) (1100.4,282.0,231.76) (1100.4,282.0,232.51) (1100.4,288.0,232.51)
  n=( 0.00,-1.00, 0.00) (1085.4,288.0,238.01) (1100.4,288.0,231.76) (1100.4,288.0,232.51) (1085.4,288.0,238.76)

dormer_window: 26 faces, z 226.15 .. 238.15 (height 12.00")
  n=( 0.00,-1.00, 0.00) (1076.4,287.5,226.15) (1094.4,287.5,226.15) (1094.4,287.5,238.15) (1076.4,287.5,238.15)
  n=( 0.00, 1.00, 0.00) (1094.4,291.0,226.15) (1076.4,291.0,226.15) (1076.4,291.0,238.15) (1094.4,291.0,238.15)
  n=(-0.00,-0.00,-1.00) (1094.4,287.5,226.15) (1076.4,287.5,226.15) (1076.4,291.0,226.15) (1094.4,291.0,226.15)
  n=(-1.00, 0.00, 0.00) (1076.4,287.5,226.15) (1076.4,287.5,238.15) (1076.4,291.0,238.15) (1076.4,291.0,226.15)
  n=( 0.00, 0.00, 1.00) (1076.4,287.5,238.15) (1094.4,287.5,238.15) (1094.4,291.0,238.15) (1076.4,291.0,238.15)
  n=( 1.00, 0.00, 0.00) (1094.4,287.5,238.15) (1094.4,287.5,226.15) (1094.4,291.0,226.15) (1094.4,291.0,238.15)
  n=( 0.00, 0.00, 1.00) (1077.4,287.5,227.15) (1093.4,287.5,227.15) (1093.4,291.0,227.15) (1077.4,291.0,227.15)
  n=(-1.00, 0.00, 0.00) (1093.4,287.5,227.15) (1093.4,287.5,237.15) (1093.4,291.0,237.15) (1093.4,291.0,227.15)
  n=(-0.00,-0.00,-1.00) (1093.4,287.5,237.15) (1077.4,287.5,237.15) (1077.4,291.0,237.15) (1093.4,291.0,237.15)
  n=( 1.00, 0.00, 0.00) (1077.4,287.5,237.15) (1077.4,287.5,227.15) (1077.4,291.0,227.15) (1077.4,291.0,237.15)
  n=( 0.00,-1.00, 0.00) (1077.4,288.0,227.15) (1093.4,288.0,227.15) (1093.4,288.0,237.15) (1077.4,288.0,237.15)
  n=( 0.00, 1.00, 0.00) (1093.4,290.0,227.15) (1077.4,290.0,227.15) (1077.4,290.0,237.15) (1093.4,290.0,237.15)
  n=(-0.00,-0.00,-1.00) (1093.4,288.0,227.15) (1077.4,288.0,227.15) (1077.4,290.0,227.15) (1093.4,290.0,227.15)
  n=(-1.00, 0.00, 0.00) (1077.4,288.0,227.15) (1077.4,288.0,237.15) (1077.4,290.0,237.15) (1077.4,290.0,227.15)
  n=( 0.00, 0.00, 1.00) (1077.4,288.0,237.15) (1093.4,288.0,237.15) (1093.4,290.0,237.15) (1077.4,290.0,237.15)
  n=( 1.00, 0.00, 0.00) (1093.4,288.0,237.15) (1093.4,288.0,227.15) (1093.4,290.0,227.15) (1093.4,290.0,237.15)
  n=( 0.00, 0.00, 1.00) (1078.4,288.0,228.15) (1092.4,288.0,228.15) (1092.4,290.0,228.15) (1078.4,290.0,228.15)
  n=(-1.00, 0.00, 0.00) (1092.4,288.0,228.15) (1092.4,288.0,236.15) (1092.4,290.0,236.15) (1092.4,290.0,228.15)
  n=(-0.00,-0.00,-1.00) (1092.4,288.0,236.15) (1078.4,288.0,236.15) (1078.4,290.0,236.15) (1092.4,290.0,236.15)
  n=( 1.00, 0.00, 0.00) (1078.4,288.0,236.15) (1078.4,288.0,228.15) (1078.4,290.0,228.15) (1078.4,290.0,236.15)
  n=( 0.00,-1.00, 0.00) (1078.4,288.9,228.15) (1092.4,288.9,228.15) (1092.4,288.9,236.15) (1078.4,288.9,236.15)
  n=( 0.00, 1.00, 0.00) (1092.4,289.1,228.15) (1078.4,289.1,228.15) (1078.4,289.1,236.15) (1092.4,289.1,236.15)
  n=(-0.00,-0.00,-1.00) (1092.4,288.9,228.15) (1078.4,288.9,228.15) (1078.4,289.1,228.15) (1092.4,289.1,228.15)
  n=(-1.00, 0.00, 0.00) (1078.4,288.9,228.15) (1078.4,288.9,236.15) (1078.4,289.1,236.15) (1078.4,289.1,228.15)
  n=( 0.00, 0.00, 1.00) (1078.4,288.9,236.15) (1092.4,288.9,236.15) (1092.4,289.1,236.15) (1078.4,289.1,236.15)
  n=( 1.00, 0.00, 0.00) (1092.4,288.9,236.15) (1092.4,288.9,228.15) (1092.4,289.1,228.15) (1092.4,289.1,236.15)

dormer_window: 10 faces, z 226.15 .. 238.15 (height 12.00")
  n=( 0.00,-1.00, 0.00) (1076.4,287.5,226.15) (1094.4,287.5,226.15) (1094.4,287.5,238.15) (1076.4,287.5,238.15)
  n=( 0.00, 1.00, 0.00) (1094.4,291.0,226.15) (1076.4,291.0,226.15) (1076.4,291.0,238.15) (1094.4,291.0,238.15)
  n=(-0.00,-0.00,-1.00) (1094.4,287.5,226.15) (1076.4,287.5,226.15) (1076.4,291.0,226.15) (1094.4,291.0,226.15)
  n=(-1.00, 0.00, 0.00) (1076.4,287.5,226.15) (1076.4,287.5,238.15) (1076.4,291.0,238.15) (1076.4,291.0,226.15)
  n=( 0.00, 0.00, 1.00) (1076.4,287.5,238.15) (1094.4,287.5,238.15) (1094.4,291.0,238.15) (1076.4,291.0,238.15)
  n=( 1.00, 0.00, 0.00) (1094.4,287.5,238.15) (1094.4,287.5,226.15) (1094.4,291.0,226.15) (1094.4,291.0,238.15)
  n=( 0.00, 0.00, 1.00) (1077.4,287.5,227.15) (1093.4,287.5,227.15) (1093.4,291.0,227.15) (1077.4,291.0,227.15)
  n=(-1.00, 0.00, 0.00) (1093.4,287.5,227.15) (1093.4,287.5,237.15) (1093.4,291.0,237.15) (1093.4,291.0,227.15)
  n=(-0.00,-0.00,-1.00) (1093.4,287.5,237.15) (1077.4,287.5,237.15) (1077.4,291.0,237.15) (1093.4,291.0,237.15)
  n=( 1.00, 0.00, 0.00) (1077.4,287.5,237.15) (1077.4,287.5,227.15) (1077.4,291.0,227.15) (1077.4,291.0,237.15)

dormer_window: 10 faces, z 227.15 .. 237.15 (height 10.00")
  n=( 0.00,-1.00, 0.00) (1077.4,288.0,227.15) (1093.4,288.0,227.15) (1093.4,288.0,237.15) (1077.4,288.0,237.15)
  n=( 0.00, 1.00, 0.00) (1093.4,290.0,227.15) (1077.4,290.0,227.15) (1077.4,290.0,237.15) (1093.4,290.0,237.15)
  n=(-0.00,-0.00,-1.00) (1093.4,288.0,227.15) (1077.4,288.0,227.15) (1077.4,290.0,227.15) (1093.4,290.0,227.15)
  n=(-1.00, 0.00, 0.00) (1077.4,288.0,227.15) (1077.4,288.0,237.15) (1077.4,290.0,237.15) (1077.4,290.0,227.15)
  n=( 0.00, 0.00, 1.00) (1077.4,288.0,237.15) (1093.4,288.0,237.15) (1093.4,290.0,237.15) (1077.4,290.0,237.15)
  n=( 1.00, 0.00, 0.00) (1093.4,288.0,237.15) (1093.4,288.0,227.15) (1093.4,290.0,227.15) (1093.4,290.0,237.15)
  n=( 0.00, 0.00, 1.00) (1078.4,288.0,228.15) (1092.4,288.0,228.15) (1092.4,290.0,228.15) (1078.4,290.0,228.15)
  n=(-1.00, 0.00, 0.00) (1092.4,288.0,228.15) (1092.4,288.0,236.15) (1092.4,290.0,236.15) (1092.4,290.0,228.15)
  n=(-0.00,-0.00,-1.00) (1092.4,288.0,236.15) (1078.4,288.0,236.15) (1078.4,290.0,236.15) (1092.4,290.0,236.15)
  n=( 1.00, 0.00, 0.00) (1078.4,288.0,236.15) (1078.4,288.0,228.15) (1078.4,290.0,228.15) (1078.4,290.0,236.15)

dormer_window: 6 faces, z 228.15 .. 236.15 (height 8.00")
  n=( 0.00,-1.00, 0.00) (1078.4,288.9,228.15) (1092.4,288.9,228.15) (1092.4,288.9,236.15) (1078.4,288.9,236.15)
  n=( 0.00, 1.00, 0.00) (1092.4,289.1,228.15) (1078.4,289.1,228.15) (1078.4,289.1,236.15) (1092.4,289.1,236.15)
  n=(-0.00,-0.00,-1.00) (1092.4,288.9,228.15) (1078.4,288.9,228.15) (1078.4,289.1,228.15) (1092.4,289.1,228.15)
  n=(-1.00, 0.00, 0.00) (1078.4,288.9,228.15) (1078.4,288.9,236.15) (1078.4,289.1,236.15) (1078.4,289.1,228.15)
  n=( 0.00, 0.00, 1.00) (1078.4,288.9,236.15) (1092.4,288.9,236.15) (1092.4,289.1,236.15) (1078.4,289.1,236.15)
  n=( 1.00, 0.00, 0.00) (1092.4,288.9,236.15) (1092.4,288.9,228.15) (1092.4,289.1,228.15) (1092.4,289.1,236.15)

dormer spec attributes:
  along_xy = [-1.0, 0.0]
  base_xy = [1085.361516788714, 258.0]
  fascia_depth = 12.0
  height = 26.222218988463283
  into_xy = [0.0, 1.0]
  length = 49.13332557231187
  overhang = 6.0
  pitch = 0.41666666666666674
  place_mode = "depth"
  roof_cut = 2
  roof_thickness = 0.5
  setback = 30.0
  slope = 0.41666666666666674
  style = "gable"
  thickness = 5.0
  type = "dormer"
  width = 30.0
  window = true
  window_h = 12.0
  window_type = "Picture"
  window_w = 18.0
  z0 = 205.54166666666666
  z_top = 262.625
