Interior Pro - the gutter at each corner
time: 2026-08-30 11:27:43 -0700

=== ROOF 1  gutter=true width=4.0 profile=box
    downspouts: 6 at (1138.5,527.7) (884.0,527.7) (884.0,133.8) (1007.2,147.5) (1029.5,262.3) (1138.5,262.3)
  CORNER 1 (1138.5, 527.7) - 98 faces:
    n=( 0.00, 0.38, 0.92) (1156.5,532.0,205.54) (866.0,532.0,205.54) (866.0,395.0,262.62) (1156.5,395.0,262.62)
    n=(-1.00, 0.00, 0.00) (1156.5,532.0,205.00) (1156.5,395.0,262.08) (1156.5,395.0,262.62) (1156.5,532.0,205.54)
    n=( 0.00, 0.38, 0.92) (1156.5,532.0,205.00) (866.0,532.0,205.00) (866.0,395.0,262.08) (1156.5,395.0,262.08)
    n=(-1.00, 0.00, 0.00) (1139.5,270.0,210.00) (1139.5,395.0,262.08) (1139.5,520.0,210.00) (1139.5,520.0,202.00) (1139.5,270.0,202.00)
    n=( 0.00, 0.38, 0.92) (1144.5,395.0,262.08) (1144.5,520.0,210.00) (1139.5,520.0,210.00) (1139.5,395.0,262.08)
    n=( 1.00, 0.00, 0.00) (1144.5,395.0,262.08) (1144.5,270.0,210.00) (1144.5,270.0,202.00) (1144.5,520.0,202.00) (1144.5,520.0,210.00)
    n=( 0.00, 0.38, 0.92) (1156.5,532.0,205.00) (1156.5,395.0,262.08) (1157.2,395.0,262.08) (1157.2,532.0,205.00)
    n=(-1.00, 0.00, 0.00) (1156.5,395.0,262.08) (1156.5,532.0,205.00) (1156.5,532.0,197.00) (1156.5,530.2,197.75) (1156.5,520.0,202.00) (1156.5,395.0,254.08) (1156.5,395.0,254.83)
    n=( 0.00, 0.38, 0.92) (1157.2,532.0,205.00) (1157.2,395.0,262.08) (1157.4,395.0,262.08) (1157.4,532.0,205.00)
    n=(-1.00, 0.00, 0.00) (1157.2,532.0,205.00) (1157.2,532.0,204.50) (1157.2,532.0,203.00) (1157.2,395.0,260.08) (1157.2,395.0,262.08)
    n=(-1.00, 0.00, 0.00) (1157.4,395.0,262.08) (1157.4,532.0,205.00) (1157.4,532.0,203.00) (1157.4,395.0,260.08)
    n=( 0.00, 0.38, 0.92) (1157.2,532.0,203.00) (1157.2,395.0,260.08) (1157.4,395.0,260.08) (1157.4,532.0,203.00)
    n=(-1.00, 0.00, 0.00) (1157.2,395.0,254.08) (1157.2,395.0,260.08) (1157.2,532.0,203.00) (1157.2,532.0,200.90) (1157.2,532.0,197.00)
    n=( 0.00, 0.38, 0.92) (1156.5,395.0,254.83) (1156.5,520.0,202.75) (1144.5,520.0,202.75) (1144.5,395.0,254.83)
    n=(-1.00, 0.00, 0.00) (1144.5,520.0,202.00) (1144.5,395.0,254.08) (1144.5,395.0,254.83) (1144.5,520.0,202.75)
    n=(-1.00, 0.00, 0.00) (1156.5,520.0,202.00) (1156.5,395.0,254.08) (1156.5,395.0,254.83) (1156.5,520.0,202.75)
    n=( 0.00,-0.38,-0.92) (1156.5,520.0,202.00) (1156.5,395.0,254.08) (1144.5,395.0,254.08) (1144.5,520.0,202.00)
    n=( 0.00,-0.38,-0.92) (1156.5,530.2,197.75) (1156.5,532.0,197.00) (1157.2,532.0,197.00) (1157.2,395.0,254.08) (1156.5,395.0,254.08) (1156.5,520.0,202.00)
    n=( 0.00, 1.00, 0.00) (1144.5,520.0,210.00) (1144.5,520.0,202.00) (1139.5,520.0,202.00) (1139.5,520.0,210.00)
    n=( 0.00,-1.00, 0.00) (866.0,532.0,205.00) (1156.5,532.0,205.00) (1156.5,532.0,205.54) (866.0,532.0,205.54)
    n=( 0.00,-1.00, 0.00) (1157.4,532.1,205.00) (865.2,532.1,205.00) (865.2,532.1,203.00) (1157.4,532.1,203.00)
    n=( 0.00, 0.00,-1.00) (1157.4,532.0,205.00) (865.2,532.0,205.00) (865.2,532.1,205.00) (1157.4,532.1,205.00)
    n=( 0.00, 1.00, 0.00) (865.2,532.0,205.00) (1157.4,532.0,205.00) (1157.4,532.0,203.00) (1157.2,532.0,203.00) (865.2,532.0,203.00) (865.2,532.0,203.00)
    n=( 0.00, 0.00, 1.00) (866.8,531.2,205.00) (1155.8,531.2,205.00) (1156.5,532.0,205.00) (866.0,532.0,205.00)
    n=( 0.00,-1.00, 0.00) (1156.5,532.0,205.00) (866.0,532.0,205.00) (866.0,532.0,197.00) (1156.5,532.0,197.00)
    n=( 0.00,-1.00, 0.00) (1155.8,531.2,205.00) (866.8,531.2,205.00) (866.8,531.2,197.00) (1155.8,531.2,197.00)
    n=( 0.71,-0.71, 0.00) (1156.5,532.0,205.00) (1155.8,531.2,205.00) (1155.8,531.2,197.00) (1156.5,532.0,197.00)
    n=( 0.00,-1.00, 0.00) (1156.5,532.0,205.00) (1156.5,532.0,197.00) (1157.2,532.0,197.00) (1157.2,532.0,200.90) (1157.2,532.0,203.00) (1157.2,532.0,204.50) (1157.2,532.0,205.00)
    n=( 0.00,-1.00, 0.00) (1157.2,532.0,205.00) (1157.2,532.0,204.50) (1157.2,532.0,203.00) (1157.4,532.0,203.00) (1157.4,532.0,205.00)
    n=(-1.00, 0.00, 0.00) (1157.4,532.0,205.00) (1157.4,532.1,205.00) (1157.4,532.1,203.00) (1157.4,532.0,203.00)
    n=( 0.00,-1.00, 0.00) (1157.2,536.0,200.90) (1157.2,536.0,204.50) (865.2,536.0,204.50) (865.2,536.0,200.90)
    n=( 0.00, 1.00, 0.00) (1157.2,532.2,204.50) (1157.2,532.2,201.05) (865.2,532.2,201.05) (865.2,532.2,204.50)
    n=( 0.00, 0.00, 1.00) (1157.2,532.0,204.50) (1157.2,532.2,204.50) (865.2,532.2,204.50) (865.2,532.0,204.50)
    n=( 0.00, 0.00, 1.00) (1157.2,535.8,204.50) (1157.2,536.0,204.50) (865.2,536.0,204.50) (865.2,535.8,204.50)
    n=( 0.00,-1.00, 0.00) (1157.2,535.8,201.05) (1157.2,535.8,204.50) (865.2,535.8,204.50) (865.2,535.8,201.05)
    n=( 0.00, 1.00, 0.00) (1157.2,532.0,204.50) (1157.2,532.0,200.90) (865.2,532.0,200.90) (865.2,532.0,204.50)
    n=( 1.00, 0.00, 0.00) (1157.2,532.0,204.50) (1157.2,532.0,200.90) (1157.2,536.0,200.90) (1157.2,536.0,204.50)
    n=( 1.00, 0.00, 0.00) (1157.2,532.0,204.50) (1157.2,532.0,200.90) (1157.2,536.0,200.90) (1157.2,536.0,204.50) (1157.2,535.8,204.50) (1157.2,535.8,201.05) (1157.2,532.2,201.05) (1157.2,532.2,204.50)
    n=( 1.00, 0.00, 0.00) (1144.5,513.0,204.08) (1144.5,513.0,198.08) (1144.5,517.0,198.08) (1144.5,517.0,204.08)
    n=( 0.00, 0.00,-1.00) (1155.5,513.0,204.08) (1144.5,513.0,204.08) (1144.5,517.0,204.08) (1155.5,517.0,204.08)
  CORNER 2 (884.0, 527.7) - 98 faces:
    n=( 0.00, 0.38, 0.92) (1156.5,532.0,205.54) (866.0,532.0,205.54) (866.0,395.0,262.62) (1156.5,395.0,262.62)
    n=( 1.00, 0.00, 0.00) (866.0,395.0,262.08) (866.0,532.0,205.00) (866.0,532.0,205.54) (866.0,395.0,262.62)
    n=( 1.00, 0.00, 0.00) (865.2,532.0,205.00) (865.2,395.0,262.08) (865.2,395.0,260.08) (865.2,532.0,203.00)
    n=( 0.00, 0.38, 0.92) (865.2,395.0,262.08) (865.2,532.0,205.00) (865.2,532.0,205.00) (865.2,395.0,262.08)
    n=( 0.00, 0.38, 0.92) (866.0,395.0,262.08) (866.0,532.0,205.00) (865.2,532.0,205.00) (865.2,395.0,262.08)
    n=( 1.00, 0.00, 0.00) (865.2,395.0,262.08) (865.2,395.0,260.08) (865.2,532.0,203.00) (865.2,532.0,204.50) (865.2,532.0,205.00)
    n=( 0.00, 0.38, 0.92) (1156.5,532.0,205.00) (866.0,532.0,205.00) (866.0,395.0,262.08) (1156.5,395.0,262.08)
    n=( 1.00, 0.00, 0.00) (866.0,532.0,205.00) (866.0,395.0,262.08) (866.0,395.0,254.83) (866.0,395.0,254.08) (866.0,520.0,202.00) (866.0,530.2,197.75) (866.0,532.0,197.00)
    n=( 0.00, 0.38, 0.92) (878.0,520.0,210.00) (878.0,395.0,262.08) (883.0,395.0,262.08) (883.0,520.0,210.00)
    n=(-1.00, 0.00, 0.00) (878.0,395.0,262.08) (878.0,520.0,210.00) (878.0,520.0,202.00) (878.0,270.0,202.00) (878.0,270.0,210.00)
    n=( 1.00, 0.00, 0.00) (883.0,520.0,210.00) (883.0,395.0,262.08) (883.0,270.0,210.00) (883.0,270.0,202.00) (883.0,520.0,202.00)
    n=(-0.00, 0.38, 0.92) (865.2,395.0,260.08) (865.2,532.0,203.00) (865.2,532.0,203.00) (865.2,395.0,260.08)
    n=( 1.00, 0.00, 0.00) (865.2,532.0,197.00) (865.2,532.0,200.90) (865.2,532.0,203.00) (865.2,395.0,260.08) (865.2,395.0,254.08)
    n=( 0.00, 0.38, 0.92) (866.0,520.0,202.75) (866.0,395.0,254.83) (878.0,395.0,254.83) (878.0,520.0,202.75)
    n=( 1.00, 0.00, 0.00) (866.0,395.0,254.08) (866.0,520.0,202.00) (866.0,520.0,202.75) (866.0,395.0,254.83)
    n=( 1.00, 0.00, 0.00) (878.0,395.0,254.08) (878.0,520.0,202.00) (878.0,520.0,202.75) (878.0,395.0,254.83)
    n=( 0.00,-0.38,-0.92) (866.0,520.0,202.00) (866.0,395.0,254.08) (865.2,395.0,254.08) (865.2,532.0,197.00) (866.0,532.0,197.00) (866.0,530.2,197.75)
    n=( 0.00,-0.38,-0.92) (866.0,395.0,254.08) (866.0,520.0,202.00) (878.0,520.0,202.00) (878.0,395.0,254.08)
    n=( 0.00, 1.00, 0.00) (878.0,520.0,202.00) (878.0,520.0,210.00) (883.0,520.0,210.00) (883.0,520.0,202.00)
    n=( 0.00, 0.00,-1.00) (867.0,512.8,205.85) (878.0,512.8,205.85) (878.0,508.8,205.85) (867.0,508.8,205.85)
    n=( 1.00, 0.00, 0.00) (867.0,512.8,203.85) (867.0,512.8,205.85) (867.0,508.8,205.85) (867.0,508.8,203.85)
    n=( 0.00,-1.00, 0.00) (878.0,508.8,205.85) (867.0,508.8,205.85) (867.0,508.8,203.85) (867.5,508.8,203.74) (868.0,508.8,203.44) (868.5,508.8,202.99) (869.0,508.8,202.45) (869.5,508.8,201.85) (870.0,508.8,201.26) (870.5,508.8,200.72) (871.0,508.8,200.27) (871.5,508.8,199.97) (872.0,508.8,199.85) (878.0,508.8,199.85)
    n=( 0.00,-1.00, 0.00) (878.0,512.8,205.85) (867.0,512.8,205.85) (867.0,512.8,203.85) (867.5,512.8,203.74) (868.0,512.8,203.44) (868.5,512.8,202.99) (869.0,512.8,202.45) (869.5,512.8,201.85) (870.0,512.8,201.26) (870.5,512.8,200.72) (871.0,512.8,200.27) (871.5,512.8,199.97) (872.0,512.8,199.85) (878.0,512.8,199.85)
    n=(-1.00, 0.00, 0.00) (878.0,512.8,205.85) (878.0,512.8,199.85) (878.0,508.8,199.85) (878.0,508.8,205.85)
    n=( 0.00,-1.00, 0.00) (866.0,532.0,205.00) (1156.5,532.0,205.00) (1156.5,532.0,205.54) (866.0,532.0,205.54)
    n=( 1.00, 0.00, 0.00) (865.2,532.1,205.00) (865.2,532.0,205.00) (865.2,532.0,203.00) (865.2,532.1,203.00)
    n=( 0.00,-1.00, 0.00) (865.2,532.0,203.00) (865.2,532.0,204.50) (865.2,532.0,205.00) (865.2,532.0,205.00) (865.2,532.0,203.00)
    n=( 0.00, 1.00, 0.00) (865.2,532.0,205.00) (1157.4,532.0,205.00) (1157.4,532.0,203.00) (1157.2,532.0,203.00) (865.2,532.0,203.00) (865.2,532.0,203.00)
    n=( 0.00,-1.00, 0.00) (1157.4,532.1,205.00) (865.2,532.1,205.00) (865.2,532.1,203.00) (1157.4,532.1,203.00)
    n=( 0.00, 0.00,-1.00) (1157.4,532.0,205.00) (865.2,532.0,205.00) (865.2,532.1,205.00) (1157.4,532.1,205.00)
    n=( 0.00,-1.00, 0.00) (866.0,532.0,197.00) (866.0,532.0,205.00) (865.2,532.0,205.00) (865.2,532.0,204.50) (865.2,532.0,203.00) (865.2,532.0,200.90) (865.2,532.0,197.00)
    n=( 0.00,-1.00, 0.00) (1156.5,532.0,205.00) (866.0,532.0,205.00) (866.0,532.0,197.00) (1156.5,532.0,197.00)
    n=(-0.71,-0.71, 0.00) (866.8,531.2,205.00) (866.0,532.0,205.00) (866.0,532.0,197.00) (866.8,531.2,197.00)
    n=( 0.00, 0.00, 1.00) (866.8,531.2,205.00) (1155.8,531.2,205.00) (1156.5,532.0,205.00) (866.0,532.0,205.00)
    n=( 0.00,-1.00, 0.00) (1155.8,531.2,205.00) (866.8,531.2,205.00) (866.8,531.2,197.00) (1155.8,531.2,197.00)
    n=( 0.00, 0.00, 1.00) (1157.2,532.0,204.50) (1157.2,532.2,204.50) (865.2,532.2,204.50) (865.2,532.0,204.50)
    n=( 0.00, 1.00, 0.00) (1157.2,532.0,204.50) (1157.2,532.0,200.90) (865.2,532.0,200.90) (865.2,532.0,204.50)
    n=(-1.00, 0.00, 0.00) (865.2,536.0,204.50) (865.2,536.0,200.90) (865.2,532.0,200.90) (865.2,532.0,204.50)
    n=( 0.00,-1.00, 0.00) (1157.2,536.0,200.90) (1157.2,536.0,204.50) (865.2,536.0,204.50) (865.2,536.0,200.90)
    n=( 0.00, 1.00, 0.00) (1157.2,532.2,204.50) (1157.2,532.2,201.05) (865.2,532.2,201.05) (865.2,532.2,204.50)
  CORNER 3 (884.0, 133.8) - 87 faces:
    n=(-0.38, 0.00, 0.92) (866.0,258.0,205.54) (866.0,129.5,205.54) (938.8,202.2,235.85) (938.8,330.8,235.85)
    n=( 0.00,-0.38, 0.92) (866.0,129.5,205.54) (1011.5,129.5,205.54) (938.8,202.2,235.85)
    n=( 0.00,-0.38, 0.92) (866.0,129.5,205.00) (1011.5,129.5,205.00) (938.8,202.2,235.31)
    n=(-0.38, 0.00, 0.92) (866.0,258.0,205.00) (866.0,129.5,205.00) (938.8,202.2,235.31) (938.8,330.8,235.31)
    n=( 0.00, 1.00, 0.00) (1011.5,129.5,205.00) (866.0,129.5,205.00) (866.0,129.5,205.54) (1011.5,129.5,205.54)
    n=( 1.00, 0.00, 0.00) (866.0,129.5,205.00) (866.0,258.0,205.00) (866.0,258.0,205.54) (866.0,129.5,205.54)
    n=( 1.00, 0.00, 0.00) (865.2,129.5,205.00) (865.2,129.4,205.00) (865.2,129.4,203.00) (865.2,129.5,203.00)
    n=( 0.00, 1.00, 0.00) (865.2,129.4,205.00) (1011.6,129.4,205.00) (1011.6,129.4,203.00) (865.2,129.4,203.00)
    n=( 0.00, 1.00, 0.00) (865.2,129.5,205.00) (1011.5,129.5,205.00) (1011.5,129.5,204.50) (1011.5,129.5,203.00) (865.2,129.5,203.00)
    n=( 0.00, 0.00,-1.00) (865.2,129.5,205.00) (1011.5,129.5,205.00) (1011.6,129.4,205.00) (865.2,129.4,205.00)
    n=( 0.71,-0.71, 0.00) (866.0,129.5,205.00) (865.9,129.4,205.00) (865.9,129.4,203.00) (866.0,129.5,203.00) (866.0,129.5,204.50)
    n=(-1.00, 0.00, 0.00) (865.9,129.4,205.00) (865.9,258.0,205.00) (865.9,258.0,203.00) (865.9,129.4,203.00)
    n=( 0.00, 0.00, 1.00) (866.0,129.5,205.00) (866.0,258.0,205.00) (865.9,258.0,205.00) (865.9,129.4,205.00)
    n=( 0.00, 1.00, 0.00) (866.0,129.5,205.00) (1011.5,129.5,205.00) (1011.5,129.5,204.50) (1011.5,129.5,203.00) (1011.5,129.5,200.90) (1011.5,129.5,197.00) (866.0,129.5,197.00) (866.0,129.5,200.90) (866.0,129.5,203.00) (866.0,129.5,204.50)
    n=( 0.00, 0.00, 1.00) (1010.8,130.2,205.00) (866.8,130.2,205.00) (866.0,129.5,205.00) (1011.5,129.5,205.00)
    n=( 0.71,-0.71, 0.00) (866.8,130.2,205.00) (866.0,129.5,205.00) (866.0,129.5,204.50) (866.0,129.5,203.00) (866.0,129.5,200.90) (866.0,129.5,197.00) (866.8,130.2,197.00) (866.8,130.2,197.75)
    n=( 1.00, 0.00, 0.00) (866.0,129.5,205.00) (866.0,129.5,204.50) (866.0,258.0,204.50) (866.0,258.0,205.00)
    n=( 0.00, 0.00, 1.00) (866.8,130.2,205.00) (866.8,258.3,205.00) (866.0,258.0,205.00) (866.0,129.5,205.00)
    n=( 1.00, 0.00, 0.00) (866.8,130.2,205.00) (866.8,130.2,197.75) (866.8,258.3,197.75) (866.8,258.3,205.00)
    n=( 0.00, 1.00, 0.00) (866.8,130.2,205.00) (1010.8,130.2,205.00) (1010.8,130.2,197.75) (1010.8,130.2,197.00) (866.8,130.2,197.00) (866.8,130.2,197.75)
    n=( 0.71,-0.71, 0.00) (865.8,129.4,204.50) (865.8,129.4,201.05) (862.2,125.6,201.05) (862.2,125.6,204.50) (862.0,125.5,204.50) (862.0,125.5,200.90) (866.0,129.5,200.90) (866.0,129.5,204.50)
    n=( 0.00, 0.00, 1.00) (862.2,256.6,204.50) (862.0,256.6,204.50) (862.0,125.5,204.50) (862.2,125.6,204.50)
    n=(-1.00, 0.00, 0.00) (862.0,256.6,204.50) (862.0,256.6,200.90) (862.0,125.5,200.90) (862.0,125.5,204.50)
    n=( 1.00, 0.00, 0.00) (862.2,256.6,201.05) (862.2,256.6,204.50) (862.2,125.6,204.50) (862.2,125.6,201.05)
    n=( 0.00,-1.00, 0.00) (865.2,129.4,204.50) (865.2,129.4,201.05) (1011.6,129.4,201.05) (1011.6,129.4,204.50)
    n=(-1.00, 0.00, 0.00) (865.2,129.5,204.50) (865.2,129.5,200.90) (865.2,125.5,200.90) (865.2,125.5,204.50) (865.2,125.6,204.50) (865.2,125.6,201.05) (865.2,129.4,201.05) (865.2,129.4,204.50)
    n=( 0.00, 1.00, 0.00) (865.2,129.5,200.90) (865.2,129.5,204.50) (1011.5,129.5,204.50) (1011.5,129.5,200.90)
    n=( 0.00, 0.00, 1.00) (865.2,129.5,204.50) (865.2,129.4,204.50) (1011.6,129.4,204.50) (1011.5,129.5,204.50)
    n=( 0.00, 0.00, 1.00) (865.2,125.6,204.50) (865.2,125.5,204.50) (1015.5,125.5,204.50) (1015.4,125.6,204.50)
    n=( 0.00, 1.00, 0.00) (865.2,125.6,201.05) (865.2,125.6,204.50) (1015.4,125.6,204.50) (1015.4,125.6,201.05)
    n=(-1.00, 0.00, 0.00) (865.2,129.5,204.50) (865.2,129.5,200.90) (865.2,125.5,200.90) (865.2,125.5,204.50)
    n=( 0.00,-1.00, 0.00) (865.2,125.5,204.50) (865.2,125.5,200.90) (1015.5,125.5,200.90) (1015.5,125.5,204.50)
    n=(-1.00, 0.00, 0.00) (865.8,257.9,204.50) (865.8,257.9,201.05) (865.8,129.4,201.05) (865.8,129.4,204.50)
    n=( 0.00, 0.00, 1.00) (866.0,258.0,204.50) (865.8,257.9,204.50) (865.8,129.4,204.50) (866.0,129.5,204.50)
    n=( 1.00, 0.00, 0.00) (866.0,258.0,200.90) (866.0,258.0,204.50) (866.0,129.5,204.50) (866.0,129.5,200.90)
    n=( 1.00, 0.00, 0.00) (866.0,258.0,203.00) (866.0,258.0,204.50) (866.0,129.5,204.50) (866.0,129.5,203.00)
    n=( 0.00, 0.00,-1.00) (865.2,129.5,203.00) (1011.5,129.5,203.00) (1011.6,129.4,203.00) (865.2,129.4,203.00)
    n=( 0.00, 0.00,-1.00) (866.0,258.0,203.00) (866.0,129.5,203.00) (865.9,129.4,203.00) (865.9,258.0,203.00)
    n=( 1.00, 0.00, 0.00) (866.0,129.5,203.00) (866.0,129.5,200.90) (866.0,258.0,200.90) (866.0,258.0,203.00)
    n=( 0.00, 0.00, 1.00) (865.8,257.9,201.05) (862.2,256.6,201.05) (862.2,125.6,201.05) (865.8,129.4,201.05)
  CORNER 4 (1007.2, 147.5) - 100 faces:
    n=( 0.00,-0.38, 0.92) (866.0,129.5,205.54) (1011.5,129.5,205.54) (938.8,202.2,235.85)
    n=( 0.38, 0.00, 0.92) (1011.5,129.5,205.54) (1011.5,258.0,205.54) (938.8,330.8,235.85) (938.8,202.2,235.85)
    n=( 0.00,-0.38, 0.92) (866.0,129.5,205.00) (1011.5,129.5,205.00) (938.8,202.2,235.31)
    n=( 0.38, 0.00, 0.92) (1011.5,129.5,205.00) (1011.5,258.0,205.00) (938.8,330.8,235.31) (938.8,202.2,235.31)
    n=( 0.00, 1.00, 0.00) (1011.5,129.5,205.00) (866.0,129.5,205.00) (866.0,129.5,205.54) (1011.5,129.5,205.54)
    n=(-1.00, 0.00, 0.00) (1011.5,258.0,205.00) (1011.5,129.5,205.00) (1011.5,129.5,205.54) (1011.5,258.0,205.54)
    n=( 0.00, 1.00, 0.00) (865.2,129.4,205.00) (1011.6,129.4,205.00) (1011.6,129.4,203.00) (865.2,129.4,203.00)
    n=( 0.00, 1.00, 0.00) (865.2,129.5,205.00) (1011.5,129.5,205.00) (1011.5,129.5,204.50) (1011.5,129.5,203.00) (865.2,129.5,203.00)
    n=( 0.00, 0.00,-1.00) (865.2,129.5,205.00) (1011.5,129.5,205.00) (1011.6,129.4,205.00) (865.2,129.4,205.00)
    n=( 0.00, 1.00, 0.00) (866.0,129.5,205.00) (1011.5,129.5,205.00) (1011.5,129.5,204.50) (1011.5,129.5,203.00) (1011.5,129.5,200.90) (1011.5,129.5,197.00) (866.0,129.5,197.00) (866.0,129.5,200.90) (866.0,129.5,203.00) (866.0,129.5,204.50)
    n=( 0.00, 0.00, 1.00) (1010.8,130.2,205.00) (866.8,130.2,205.00) (866.0,129.5,205.00) (1011.5,129.5,205.00)
    n=( 0.00, 1.00, 0.00) (866.8,130.2,205.00) (1010.8,130.2,205.00) (1010.8,130.2,197.75) (1010.8,130.2,197.00) (866.8,130.2,197.00) (866.8,130.2,197.75)
    n=(-1.00, 0.00, 0.00) (1010.8,258.8,205.00) (1010.8,258.8,197.75) (1010.8,130.2,197.75) (1010.8,130.2,205.00)
    n=( 0.00, 0.00, 1.00) (1010.8,258.8,205.00) (1010.8,130.2,205.00) (1011.5,129.5,205.00) (1011.5,258.0,205.00)
    n=( 0.71, 0.71, 0.00) (1010.8,130.2,205.00) (1011.5,129.5,205.00) (1011.5,129.5,204.50) (1011.5,129.5,203.00) (1011.5,129.5,200.90) (1011.5,129.5,197.00) (1010.8,130.2,197.00) (1010.8,130.2,197.75)
    n=( 0.71, 0.71, 0.00) (1011.5,129.5,205.00) (1011.6,129.4,205.00) (1011.6,129.4,203.00) (1011.5,129.5,203.00) (1011.5,129.5,204.50)
    n=(-1.00, 0.00, 0.00) (1011.5,258.0,205.00) (1011.5,258.0,204.50) (1011.5,129.5,204.50) (1011.5,129.5,205.00)
    n=( 0.00, 0.00, 1.00) (1011.5,258.0,205.00) (1011.5,129.5,205.00) (1011.6,129.4,205.00) (1011.6,257.9,205.00)
    n=( 1.00, 0.00, 0.00) (1011.6,257.9,205.00) (1011.6,129.4,205.00) (1011.6,129.4,203.00) (1011.6,257.9,203.00)
    n=( 0.00, 1.00, 0.00) (865.2,125.6,201.05) (865.2,125.6,204.50) (1015.4,125.6,204.50) (1015.4,125.6,201.05)
    n=( 0.00, 0.00, 1.00) (865.2,129.5,204.50) (865.2,129.4,204.50) (1011.6,129.4,204.50) (1011.5,129.5,204.50)
    n=( 0.00,-1.00, 0.00) (865.2,125.5,204.50) (865.2,125.5,200.90) (1015.5,125.5,200.90) (1015.5,125.5,204.50)
    n=( 0.00,-1.00, 0.00) (865.2,129.4,204.50) (865.2,129.4,201.05) (1011.6,129.4,201.05) (1011.6,129.4,204.50)
    n=( 0.00, 0.00, 1.00) (865.2,125.6,204.50) (865.2,125.5,204.50) (1015.5,125.5,204.50) (1015.4,125.6,204.50)
    n=( 0.00, 1.00, 0.00) (865.2,129.5,200.90) (865.2,129.5,204.50) (1011.5,129.5,204.50) (1011.5,129.5,200.90)
    n=( 0.00, 0.00, 1.00) (1011.5,129.5,204.50) (1011.6,129.4,204.50) (1011.6,257.8,204.50) (1011.5,258.0,204.50)
    n=(-1.00, 0.00, 0.00) (1011.5,129.5,203.00) (1011.5,129.5,204.50) (1011.5,258.0,204.50) (1011.5,258.0,203.00)
    n=(-1.00, 0.00, 0.00) (1011.5,129.5,200.90) (1011.5,129.5,204.50) (1011.5,258.0,204.50) (1011.5,258.0,200.90)
    n=( 0.71, 0.71, 0.00) (1011.6,129.4,204.50) (1011.6,129.4,201.05) (1015.4,125.6,201.05) (1015.4,125.6,204.50) (1015.5,125.5,204.50) (1015.5,125.5,200.90) (1011.5,129.5,200.90) (1011.5,129.5,204.50)
    n=( 1.00, 0.00, 0.00) (1011.6,129.4,204.50) (1011.6,129.4,201.05) (1011.6,257.8,201.05) (1011.6,257.8,204.50)
    n=( 0.00, 0.00, 1.00) (1015.4,125.6,204.50) (1015.5,125.5,204.50) (1015.5,254.0,204.50) (1015.4,254.2,204.50)
    n=(-1.00, 0.00, 0.00) (1015.4,125.6,201.05) (1015.4,125.6,204.50) (1015.4,254.2,204.50) (1015.4,254.2,201.05)
    n=( 1.00, 0.00, 0.00) (1015.5,125.5,204.50) (1015.5,125.5,200.90) (1015.5,254.0,200.90) (1015.5,254.0,204.50)
    n=( 0.00, 0.00,-1.00) (865.2,129.5,203.00) (1011.5,129.5,203.00) (1011.6,129.4,203.00) (865.2,129.4,203.00)
    n=( 0.00, 0.00,-1.00) (1011.5,129.5,203.00) (1011.5,258.0,203.00) (1011.6,257.9,203.00) (1011.6,129.4,203.00)
    n=(-1.00, 0.00, 0.00) (1011.5,258.0,203.00) (1011.5,258.0,200.90) (1011.5,129.5,200.90) (1011.5,129.5,203.00)
    n=( 0.00, 0.00, 1.00) (865.2,129.4,201.05) (865.2,125.6,201.05) (1015.4,125.6,201.05) (1011.6,129.4,201.05)
    n=( 0.00, 0.00, 1.00) (1011.6,129.4,201.05) (1015.4,125.6,201.05) (1015.4,254.2,201.05) (1011.6,257.8,201.05)
    n=( 0.00, 0.00,-1.00) (865.2,125.5,200.90) (865.2,129.5,200.90) (1011.5,129.5,200.90) (1015.5,125.5,200.90)
    n=(-1.00, 0.00, 0.00) (1011.5,129.5,197.00) (1011.5,129.5,200.90) (1011.5,258.0,200.90) (1011.5,258.0,197.00)
  CORNER 5 (1029.5, 262.3) - 98 faces:
    n=( 0.00,-0.38, 0.92) (866.0,258.0,205.54) (1011.5,258.0,205.54) (1156.5,258.0,205.54) (1156.5,395.0,262.62) (866.0,395.0,262.62)
    n=( 0.00,-0.38, 0.92) (866.0,258.0,205.00) (1011.5,258.0,205.00) (1156.5,258.0,205.00) (1156.5,395.0,262.08) (866.0,395.0,262.08) (866.0,258.1,205.05)
    n=( 0.38, 0.00, 0.92) (1011.5,129.5,205.54) (1011.5,258.0,205.54) (938.8,330.8,235.85) (938.8,202.2,235.85)
    n=(-0.71,-0.71, 0.00) (938.8,330.8,235.31) (1011.5,258.0,205.00) (1011.5,258.0,205.54) (938.8,330.8,235.85)
    n=( 0.38, 0.00, 0.92) (1011.5,129.5,205.00) (1011.5,258.0,205.00) (938.8,330.8,235.31) (938.8,202.2,235.31)
    n=( 0.00, 1.00, 0.00) (1156.5,258.0,205.00) (1011.5,258.0,205.00) (1011.5,258.0,205.54) (1156.5,258.0,205.54)
    n=(-1.00, 0.00, 0.00) (1011.5,258.0,205.00) (1011.5,129.5,205.00) (1011.5,129.5,205.54) (1011.5,258.0,205.54)
    n=( 0.00, 0.00, 1.00) (1010.8,258.8,205.00) (1010.8,130.2,205.00) (1011.5,129.5,205.00) (1011.5,258.0,205.00)
    n=( 0.00, 1.00, 0.00) (1010.8,258.8,205.00) (1155.8,258.8,205.00) (1155.8,258.8,197.00) (1010.8,258.8,197.00) (1010.8,258.8,197.75)
    n=(-1.00, 0.00, 0.00) (1010.8,258.8,205.00) (1010.8,258.8,197.75) (1010.8,130.2,197.75) (1010.8,130.2,205.00)
    n=( 0.71, 0.71, 0.00) (1010.8,258.8,205.00) (1011.5,258.0,205.00) (1011.5,258.0,204.50) (1011.5,258.0,203.00) (1011.5,258.0,200.90) (1011.5,258.0,197.00) (1010.8,258.8,197.00) (1010.8,258.8,197.75)
    n=( 0.00, 0.00, 1.00) (1155.8,258.8,205.00) (1010.8,258.8,205.00) (1011.5,258.0,205.00) (1156.5,258.0,205.00)
    n=( 0.00, 0.00, 1.00) (1157.4,258.0,205.00) (1011.5,258.0,205.00) (1011.6,257.9,205.00) (1157.4,257.9,205.00)
    n=( 0.71, 0.71, 0.00) (1011.5,258.0,205.00) (1011.6,257.9,205.00) (1011.6,257.9,203.00) (1011.5,258.0,203.00) (1011.5,258.0,204.50)
    n=( 0.00, 1.00, 0.00) (1011.5,258.0,205.00) (1156.5,258.0,205.00) (1156.5,258.0,197.00) (1011.5,258.0,197.00) (1011.5,258.0,200.90) (1011.5,258.0,203.00) (1011.5,258.0,204.50)
    n=( 0.00, 0.00, 1.00) (1011.5,258.0,205.00) (1011.5,129.5,205.00) (1011.6,129.4,205.00) (1011.6,257.9,205.00)
    n=(-1.00, 0.00, 0.00) (1011.5,258.0,205.00) (1011.5,258.0,204.50) (1011.5,129.5,204.50) (1011.5,129.5,205.00)
    n=( 0.00, 1.00, 0.00) (1011.5,258.0,205.00) (1157.4,258.0,205.00) (1157.4,258.0,203.00) (1157.2,258.0,203.00) (1011.5,258.0,203.00) (1011.5,258.0,204.50)
    n=( 0.00,-1.00, 0.00) (1157.4,257.9,205.00) (1011.6,257.9,205.00) (1011.6,257.9,203.00) (1157.4,257.9,203.00)
    n=( 1.00, 0.00, 0.00) (1011.6,257.9,205.00) (1011.6,129.4,205.00) (1011.6,129.4,203.00) (1011.6,257.9,203.00)
    n=(-1.00, 0.00, 0.00) (1011.5,129.5,200.90) (1011.5,129.5,204.50) (1011.5,258.0,204.50) (1011.5,258.0,200.90)
    n=(-1.00, 0.00, 0.00) (1011.5,129.5,203.00) (1011.5,129.5,204.50) (1011.5,258.0,204.50) (1011.5,258.0,203.00)
    n=( 0.00, 1.00, 0.00) (1011.5,258.0,200.90) (1011.5,258.0,204.50) (1157.2,258.0,204.50) (1157.2,258.0,200.90)
    n=( 0.00, 0.00, 1.00) (1011.5,258.0,204.50) (1011.6,257.8,204.50) (1157.2,257.8,204.50) (1157.2,258.0,204.50)
    n=( 0.00, 0.00, 1.00) (1011.5,129.5,204.50) (1011.6,129.4,204.50) (1011.6,257.8,204.50) (1011.5,258.0,204.50)
    n=( 0.71, 0.71,-0.00) (1011.6,257.8,204.50) (1011.6,257.8,201.05) (1015.4,254.2,201.05) (1015.4,254.2,204.50) (1015.5,254.0,204.50) (1015.5,254.0,200.90) (1011.5,258.0,200.90) (1011.5,258.0,204.50)
    n=( 1.00, 0.00, 0.00) (1011.6,129.4,204.50) (1011.6,129.4,201.05) (1011.6,257.8,201.05) (1011.6,257.8,204.50)
    n=( 0.00,-1.00, 0.00) (1011.6,257.8,204.50) (1011.6,257.8,201.05) (1157.2,257.8,201.05) (1157.2,257.8,204.50)
    n=( 0.00, 1.00, 0.00) (1015.4,254.2,201.05) (1015.4,254.2,204.50) (1157.2,254.2,204.50) (1157.2,254.2,201.05)
    n=( 0.00, 0.00, 1.00) (1015.4,254.2,204.50) (1015.5,254.0,204.50) (1157.2,254.0,204.50) (1157.2,254.2,204.50)
    n=(-1.00, 0.00, 0.00) (1015.4,125.6,201.05) (1015.4,125.6,204.50) (1015.4,254.2,204.50) (1015.4,254.2,201.05)
    n=( 0.00, 0.00, 1.00) (1015.4,125.6,204.50) (1015.5,125.5,204.50) (1015.5,254.0,204.50) (1015.4,254.2,204.50)
    n=( 0.00,-1.00, 0.00) (1015.5,254.0,204.50) (1015.5,254.0,200.90) (1157.2,254.0,200.90) (1157.2,254.0,204.50)
    n=( 1.00, 0.00, 0.00) (1015.5,125.5,204.50) (1015.5,125.5,200.90) (1015.5,254.0,200.90) (1015.5,254.0,204.50)
    n=(-1.00, 0.00, 0.00) (1011.5,258.0,203.00) (1011.5,258.0,200.90) (1011.5,129.5,200.90) (1011.5,129.5,203.00)
    n=( 0.00, 0.00,-1.00) (1011.5,258.0,203.00) (1157.2,258.0,203.00) (1157.4,258.0,203.00) (1157.4,257.9,203.00) (1011.6,257.9,203.00)
    n=( 0.00, 0.00,-1.00) (1011.5,129.5,203.00) (1011.5,258.0,203.00) (1011.6,257.9,203.00) (1011.6,129.4,203.00)
    n=( 0.00, 0.00, 1.00) (1011.6,129.4,201.05) (1015.4,125.6,201.05) (1015.4,254.2,201.05) (1011.6,257.8,201.05)
    n=( 0.00, 0.00, 1.00) (1011.6,257.8,201.05) (1015.4,254.2,201.05) (1157.2,254.2,201.05) (1157.2,257.8,201.05)
    n=(-1.00, 0.00, 0.00) (1011.5,129.5,197.00) (1011.5,129.5,200.90) (1011.5,258.0,200.90) (1011.5,258.0,197.00)
  CORNER 6 (1138.5, 262.3) - 98 faces:
    n=( 0.00,-0.38, 0.92) (866.0,258.0,205.54) (1011.5,258.0,205.54) (1156.5,258.0,205.54) (1156.5,395.0,262.62) (866.0,395.0,262.62)
    n=(-1.00, 0.00, 0.00) (1156.5,395.0,262.08) (1156.5,258.0,205.00) (1156.5,258.0,205.54) (1156.5,395.0,262.62)
    n=( 0.00,-0.38, 0.92) (866.0,258.0,205.00) (1011.5,258.0,205.00) (1156.5,258.0,205.00) (1156.5,395.0,262.08) (866.0,395.0,262.08) (866.0,258.1,205.05)
    n=(-1.00, 0.00, 0.00) (1139.5,270.0,210.00) (1139.5,395.0,262.08) (1139.5,520.0,210.00) (1139.5,520.0,202.00) (1139.5,270.0,202.00)
    n=( 0.00,-0.38, 0.92) (1144.5,270.0,210.00) (1144.5,395.0,262.08) (1139.5,395.0,262.08) (1139.5,270.0,210.00)
    n=( 1.00, 0.00, 0.00) (1144.5,395.0,262.08) (1144.5,270.0,210.00) (1144.5,270.0,202.00) (1144.5,520.0,202.00) (1144.5,520.0,210.00)
    n=( 0.00,-0.38, 0.92) (1156.5,395.0,262.08) (1156.5,258.0,205.00) (1157.2,258.0,205.00) (1157.2,395.0,262.08)
    n=(-1.00, 0.00, 0.00) (1156.5,258.0,205.00) (1156.5,395.0,262.08) (1156.5,395.0,254.83) (1156.5,395.0,254.08) (1156.5,270.0,202.00) (1156.5,259.8,197.75) (1156.5,258.0,197.00)
    n=(-1.00, 0.00, 0.00) (1157.2,395.0,262.08) (1157.2,395.0,260.08) (1157.2,258.0,203.00) (1157.2,258.0,204.50) (1157.2,258.0,205.00)
    n=( 0.00,-0.38, 0.92) (1157.2,395.0,262.08) (1157.2,258.0,205.00) (1157.4,258.0,205.00) (1157.4,395.0,262.08)
    n=( 1.00, 0.00, 0.00) (1157.4,395.0,262.08) (1157.4,258.0,205.00) (1157.4,258.0,203.00) (1157.4,395.0,260.08)
    n=( 0.00, 0.38,-0.92) (1157.2,258.0,203.00) (1157.2,395.0,260.08) (1157.4,395.0,260.08) (1157.4,258.0,203.00)
    n=(-1.00, 0.00, 0.00) (1157.2,258.0,197.00) (1157.2,258.0,200.90) (1157.2,258.0,203.00) (1157.2,395.0,260.08) (1157.2,395.0,254.08)
    n=( 0.00,-0.38, 0.92) (1156.5,270.0,202.75) (1156.5,395.0,254.83) (1144.5,395.0,254.83) (1144.5,270.0,202.75)
    n=(-1.00, 0.00, 0.00) (1144.5,395.0,254.08) (1144.5,270.0,202.00) (1144.5,270.0,202.75) (1144.5,395.0,254.83)
    n=(-1.00, 0.00, 0.00) (1156.5,395.0,254.08) (1156.5,270.0,202.00) (1156.5,270.0,202.75) (1156.5,395.0,254.83)
    n=( 0.00, 0.38,-0.92) (1156.5,395.0,254.08) (1156.5,270.0,202.00) (1144.5,270.0,202.00) (1144.5,395.0,254.08)
    n=( 0.00, 0.38,-0.92) (1156.5,270.0,202.00) (1156.5,395.0,254.08) (1157.2,395.0,254.08) (1157.2,258.0,197.00) (1156.5,258.0,197.00) (1156.5,259.8,197.75)
    n=( 0.00,-1.00, 0.00) (1144.5,270.0,202.00) (1144.5,270.0,210.00) (1139.5,270.0,210.00) (1139.5,270.0,202.00)
    n=( 0.00, 1.00, 0.00) (1156.5,258.0,205.00) (1011.5,258.0,205.00) (1011.5,258.0,205.54) (1156.5,258.0,205.54)
    n=( 0.00, 0.00, 1.00) (1155.8,258.8,205.00) (1010.8,258.8,205.00) (1011.5,258.0,205.00) (1156.5,258.0,205.00)
    n=( 0.00, 1.00, 0.00) (1010.8,258.8,205.00) (1155.8,258.8,205.00) (1155.8,258.8,197.00) (1010.8,258.8,197.00) (1010.8,258.8,197.75)
    n=( 0.00, 1.00, 0.00) (1011.5,258.0,205.00) (1157.4,258.0,205.00) (1157.4,258.0,203.00) (1157.2,258.0,203.00) (1011.5,258.0,203.00) (1011.5,258.0,204.50)
    n=( 0.00, 0.00, 1.00) (1157.4,258.0,205.00) (1011.5,258.0,205.00) (1011.6,257.9,205.00) (1157.4,257.9,205.00)
    n=( 0.00, 1.00, 0.00) (1011.5,258.0,205.00) (1156.5,258.0,205.00) (1156.5,258.0,197.00) (1011.5,258.0,197.00) (1011.5,258.0,200.90) (1011.5,258.0,203.00) (1011.5,258.0,204.50)
    n=( 0.00,-1.00, 0.00) (1157.4,257.9,205.00) (1011.6,257.9,205.00) (1011.6,257.9,203.00) (1157.4,257.9,203.00)
    n=( 0.71, 0.71, 0.00) (1155.8,258.8,205.00) (1156.5,258.0,205.00) (1156.5,258.0,197.00) (1155.8,258.8,197.00)
    n=( 0.00, 1.00, 0.00) (1156.5,258.0,197.00) (1156.5,258.0,205.00) (1157.2,258.0,205.00) (1157.2,258.0,204.50) (1157.2,258.0,203.00) (1157.2,258.0,200.90) (1157.2,258.0,197.00)
    n=( 0.00, 1.00, 0.00) (1157.2,258.0,203.00) (1157.2,258.0,204.50) (1157.2,258.0,205.00) (1157.4,258.0,205.00) (1157.4,258.0,203.00)
    n=( 1.00, 0.00, 0.00) (1157.4,258.0,205.00) (1157.4,257.9,205.00) (1157.4,257.9,203.00) (1157.4,258.0,203.00)
    n=( 0.00, 0.00, 1.00) (1011.5,258.0,204.50) (1011.6,257.8,204.50) (1157.2,257.8,204.50) (1157.2,258.0,204.50)
    n=( 0.00, 1.00, 0.00) (1011.5,258.0,200.90) (1011.5,258.0,204.50) (1157.2,258.0,204.50) (1157.2,258.0,200.90)
    n=( 0.00,-1.00, 0.00) (1011.6,257.8,204.50) (1011.6,257.8,201.05) (1157.2,257.8,201.05) (1157.2,257.8,204.50)
    n=( 0.00, 0.00, 1.00) (1015.4,254.2,204.50) (1015.5,254.0,204.50) (1157.2,254.0,204.50) (1157.2,254.2,204.50)
    n=( 0.00, 1.00, 0.00) (1015.4,254.2,201.05) (1015.4,254.2,204.50) (1157.2,254.2,204.50) (1157.2,254.2,201.05)
    n=( 0.00,-1.00, 0.00) (1015.5,254.0,204.50) (1015.5,254.0,200.90) (1157.2,254.0,200.90) (1157.2,254.0,204.50)
    n=( 1.00, 0.00, 0.00) (1157.2,257.8,204.50) (1157.2,257.8,201.05) (1157.2,254.2,201.05) (1157.2,254.2,204.50) (1157.2,254.0,204.50) (1157.2,254.0,200.90) (1157.2,258.0,200.90) (1157.2,258.0,204.50)
    n=( 1.00, 0.00, 0.00) (1157.2,254.0,204.50) (1157.2,254.0,200.90) (1157.2,258.0,200.90) (1157.2,258.0,204.50)
    n=( 0.00, 1.00, 0.00) (1144.5,273.0,204.08) (1155.5,273.0,204.08) (1155.5,273.0,202.08) (1155.0,273.0,201.97) (1154.5,273.0,201.67) (1154.0,273.0,201.22) (1153.5,273.0,200.68) (1153.0,273.0,200.08) (1152.5,273.0,199.49) (1152.0,273.0,198.95) (1151.5,273.0,198.50) (1151.0,273.0,198.20) (1150.5,273.0,198.08) (1144.5,273.0,198.08)
    n=( 0.00, 1.00, 0.00) (1144.5,277.0,204.08) (1155.5,277.0,204.08) (1155.5,277.0,202.08) (1155.0,277.0,201.97) (1154.5,277.0,201.67) (1154.0,277.0,201.22) (1153.5,277.0,200.68) (1153.0,277.0,200.08) (1152.5,277.0,199.49) (1152.0,277.0,198.95) (1151.5,277.0,198.50) (1151.0,277.0,198.20) (1150.5,277.0,198.08) (1144.5,277.0,198.08)
