Interior Pro - the corner at (1011.5, 129.5), radius 45.0"
time: 2026-08-30 11:35:12 -0700
faces in the box: 153
downspout    n=( 0.71, 0.00,-0.71) (1014.50,149.00,195.59) (1014.50,146.00,195.59) (1001.88,146.00,182.96) (1001.88,149.00,182.96)
downspout    n=( 0.71, 0.00,-0.71) (1014.38,148.88,195.64) (1014.38,146.12,195.64) (1001.76,146.12,183.01) (1001.76,148.88,183.01)
downspout    n=( 0.00, 1.00, 0.00) (1012.62,148.88,196.36) (1014.38,148.88,195.64) (1001.76,148.88,183.01) (1000.00,148.88,183.74)
downspout    n=(-0.71, 0.00, 0.71) (1012.62,146.12,196.36) (1012.62,148.88,196.36) (1000.00,148.88,183.74) (1000.00,146.12,183.74)
downspout    n=( 0.00,-1.00, 0.00) (1014.38,146.12,195.64) (1012.62,146.12,196.36) (1000.00,146.12,183.74) (1001.76,146.12,183.01)
downspout    n=(-0.71, 0.00, 0.71) (1012.50,146.00,196.41) (1012.50,149.00,196.41) (999.88,149.00,183.79) (999.88,146.00,183.79)
downspout    n=( 0.00,-1.00, 0.00) (1014.50,146.00,195.59) (1012.50,146.00,196.41) (999.88,146.00,183.79) (1001.88,146.00,182.96)
downspout    n=( 0.00, 1.00, 0.00) (1012.50,149.00,196.41) (1014.50,149.00,195.59) (1001.88,149.00,182.96) (999.88,149.00,183.79)
downspout    n=( 0.00,-1.00, 0.00) (1014.50,146.00,201.90) (1012.50,146.00,201.90) (1012.50,146.00,196.41) (1014.50,146.00,195.59)
downspout    n=( 0.00, 0.00, 1.00) (1012.50,149.00,201.90) (1012.50,146.00,201.90) (1014.50,146.00,201.90) (1014.50,149.00,201.90)
downspout    n=(-1.00, 0.00, 0.00) (1012.50,146.00,201.90) (1012.50,149.00,201.90) (1012.50,149.00,196.41) (1012.50,146.00,196.41)
downspout    n=( 0.00, 1.00, 0.00) (1012.50,149.00,201.90) (1014.50,149.00,201.90) (1014.50,149.00,195.59) (1012.50,149.00,196.41)
downspout    n=( 0.00,-1.00, 0.00) (1014.38,146.12,201.90) (1012.62,146.12,201.90) (1012.62,146.12,196.36) (1014.38,146.12,195.64)
downspout    n=(-1.00, 0.00, 0.00) (1012.62,146.12,201.90) (1012.62,148.88,201.90) (1012.62,148.88,196.36) (1012.62,146.12,196.36)
downspout    n=( 0.00, 1.00, 0.00) (1012.62,148.88,201.90) (1014.38,148.88,201.90) (1014.38,148.88,195.64) (1012.62,148.88,196.36)
downspout    n=( 0.00, 0.00, 1.00) (1012.62,148.88,201.90) (1012.62,146.12,201.90) (1014.38,146.12,201.90) (1014.38,148.88,201.90)
downspout    n=( 1.00, 0.00, 0.00) (1014.38,148.88,201.90) (1014.38,146.12,201.90) (1014.38,146.12,195.64) (1014.38,148.88,195.64)
downspout    n=( 1.00, 0.00, 0.00) (1014.50,149.00,201.90) (1014.50,146.00,201.90) (1014.50,146.00,195.59) (1014.50,149.00,195.59)
ridge_cap    n=( 0.71,-0.71, 0.00) (1011.54,129.54,205.56) (1011.57,129.57,205.51) (1011.57,129.57,205.96) (1011.54,129.54,206.01) (1011.50,129.50,206.04) (1011.46,129.46,206.01) (1011.43,129.43,205.96) (1011.43,129.43,205.51) (1011.46,129.46,205.56) (1011.50,129.50,205.59)
ridge_cap    n=(-0.54,-0.84, 0.00) (998.47,137.69,208.95) (1011.43,129.43,205.51) (1011.43,129.43,205.96) (998.47,137.69,209.40)
ridge_cap    n=( 0.84, 0.54,-0.00) (1011.57,129.57,205.51) (1003.31,142.53,208.95) (1003.31,142.53,209.40) (1011.57,129.57,205.96)
ridge_cap    n=( 0.25, 0.68,-0.69) (1011.46,129.46,205.56) (1011.43,129.43,205.51) (998.47,137.69,208.95) (999.68,138.90,210.59)
ridge_cap    n=(-0.68,-0.25,-0.69) (1011.57,129.57,205.51) (1011.54,129.54,205.56) (1002.10,141.32,210.59) (1003.31,142.53,208.95)
ridge_cap    n=( 0.25, 0.68,-0.69) (1011.46,129.46,206.01) (1011.43,129.43,205.96) (998.47,137.69,209.40) (999.68,138.90,211.04)
ridge_cap    n=(-0.68,-0.25,-0.69) (1011.57,129.57,205.96) (1011.54,129.54,206.01) (1002.10,141.32,211.04) (1003.31,142.53,209.40)
ridge_cap    n=( 0.07, 0.54,-0.84) (1011.50,129.50,205.59) (1011.46,129.46,205.56) (999.68,138.90,210.59) (1000.89,140.11,211.47)
ridge_cap    n=(-0.54,-0.07,-0.84) (1011.54,129.54,205.56) (1011.50,129.50,205.59) (1000.89,140.11,211.47) (1002.10,141.32,210.59)
ridge_cap    n=( 0.71,-0.71,-0.00) (1004.22,139.19,210.26) (1005.43,140.40,208.63) (1005.43,140.40,209.08) (1004.22,139.19,210.71) (1003.01,137.99,211.60) (1001.81,136.78,210.71) (1000.60,135.57,209.08) (1000.60,135.57,208.63) (1001.81,136.78,210.26) (1003.01,137.99,211.15)
ridge_cap    n=(-0.71, 0.71, 0.00) (1003.31,142.53,208.95) (1002.10,141.32,210.59) (1000.89,140.11,211.47) (999.68,138.90,210.59) (998.47,137.69,208.95) (998.47,137.69,209.40) (999.68,138.90,211.04) (1000.89,140.11,211.92) (1002.10,141.32,211.04) (1003.31,142.53,209.40)
ridge_cap    n=( 0.07, 0.54,-0.84) (1011.50,129.50,206.04) (1011.46,129.46,206.01) (999.68,138.90,211.04) (1000.89,140.11,211.92)
ridge_cap    n=(-0.54,-0.07,-0.84) (1011.54,129.54,206.01) (1011.50,129.50,206.04) (1000.89,140.11,211.92) (1002.10,141.32,211.04)
ridge_cap    n=(-0.71,-0.71,-0.00) (989.99,146.17,212.49) (1000.60,135.57,208.63) (1000.60,135.57,209.08) (989.99,146.17,212.94)
ridge_cap    n=( 0.71, 0.71, 0.00) (1005.43,140.40,208.63) (994.83,151.01,212.49) (994.83,151.01,212.94) (1005.43,140.40,209.08)
ridge_cap    n=( 0.35, 0.61,-0.71) (1001.81,136.78,210.26) (1000.60,135.57,208.63) (989.99,146.17,212.49) (991.20,147.38,214.12)
ridge_cap    n=(-0.61,-0.35,-0.71) (1005.43,140.40,208.63) (1004.22,139.19,210.26) (993.62,149.80,214.12) (994.83,151.01,212.49)
ridge_cap    n=( 0.35, 0.61,-0.71) (1001.81,136.78,210.71) (1000.60,135.57,209.08) (989.99,146.17,212.94) (991.20,147.38,214.57)
ridge_cap    n=(-0.61,-0.35,-0.71) (1005.43,140.40,209.08) (1004.22,139.19,210.71) (993.62,149.80,214.57) (994.83,151.01,212.94)
ridge_cap    n=( 0.16, 0.47,-0.87) (1003.01,137.99,211.15) (1001.81,136.78,210.26) (991.20,147.38,214.12) (992.41,148.59,215.00)
ridge_cap    n=(-0.47,-0.16,-0.87) (1004.22,139.19,210.26) (1003.01,137.99,211.15) (992.41,148.59,215.00) (993.62,149.80,214.12)
ridge_cap    n=( 0.71,-0.71, 0.00) (995.74,147.68,213.80) (996.95,148.89,212.17) (996.95,148.89,212.62) (995.74,147.68,214.25) (994.53,146.47,215.13) (993.32,145.26,214.25) (992.11,144.05,212.62) (992.11,144.05,212.17) (993.32,145.26,213.80) (994.53,146.47,214.68)
ridge_cap    n=(-0.71, 0.71,-0.00) (994.83,151.01,212.49) (993.62,149.80,214.12) (992.41,148.59,215.00) (991.20,147.38,214.12) (989.99,146.17,212.49) (989.99,146.17,212.94) (991.20,147.38,214.57) (992.41,148.59,215.45) (993.62,149.80,214.57) (994.83,151.01,212.94)
ridge_cap    n=( 0.16, 0.47,-0.87) (1003.01,137.99,211.60) (1001.81,136.78,210.71) (991.20,147.38,214.57) (992.41,148.59,215.45)
ridge_cap    n=(-0.47,-0.16,-0.87) (1004.22,139.19,210.71) (1003.01,137.99,211.60) (992.41,148.59,215.45) (993.62,149.80,214.57)
ridge_cap    n=(-0.71,-0.71, 0.00) (981.50,154.66,216.02) (992.11,144.05,212.17) (992.11,144.05,212.62) (981.50,154.66,216.47)
ridge_cap    n=( 0.71, 0.71, 0.00) (996.95,148.89,212.17) (986.34,159.50,216.02) (986.34,159.50,216.47) (996.95,148.89,212.62)
ridge_cap    n=( 0.35, 0.61,-0.71) (993.32,145.26,213.80) (992.11,144.05,212.17) (981.50,154.66,216.02) (982.71,155.87,217.66)
ridge_cap    n=(-0.61,-0.35,-0.71) (996.95,148.89,212.17) (995.74,147.68,213.80) (985.13,158.29,217.66) (986.34,159.50,216.02)
ridge_cap    n=( 0.35, 0.61,-0.71) (993.32,145.26,214.25) (992.11,144.05,212.62) (981.50,154.66,216.47) (982.71,155.87,218.11)
ridge_cap    n=(-0.61,-0.35,-0.71) (996.95,148.89,212.62) (995.74,147.68,214.25) (985.13,158.29,218.11) (986.34,159.50,216.47)
ridge_cap    n=( 0.16, 0.47,-0.87) (994.53,146.47,214.68) (993.32,145.26,213.80) (982.71,155.87,217.66) (983.92,157.08,218.54)
ridge_cap    n=(-0.47,-0.16,-0.87) (995.74,147.68,213.80) (994.53,146.47,214.68) (983.92,157.08,218.54) (985.13,158.29,217.66)
ridge_cap    n=( 0.16, 0.47,-0.87) (994.53,146.47,215.13) (993.32,145.26,214.25) (982.71,155.87,218.11) (983.92,157.08,218.99)
ridge_cap    n=(-0.47,-0.16,-0.87) (995.74,147.68,214.25) (994.53,146.47,215.13) (983.92,157.08,218.99) (985.13,158.29,218.11)
roof         n=( 0.00, 0.00, 1.00) (984.75,141.50,191.00) (984.75,135.50,191.00) (988.75,135.50,191.00) (988.75,141.50,191.00)
roof         n=( 0.00, 0.00, 1.00) (999.50,143.75,191.00) (1005.50,143.75,191.00) (1005.50,147.75,191.00) (999.50,147.75,191.00)
roof         n=( 0.00, 0.00, 1.00) (999.50,167.75,191.00) (1005.50,167.75,191.00) (1005.50,171.75,191.00) (999.50,171.75,191.00)
roof         n=( 0.00, 0.22, 0.98) (984.75,135.50,191.00) (984.75,135.00,191.11) (988.75,135.00,191.11) (988.75,135.50,191.00)
roof         n=(-0.22, 0.00, 0.98) (1005.50,143.75,191.00) (1006.00,143.75,191.11) (1006.00,147.75,191.11) (1005.50,147.75,191.00)
roof         n=(-0.22, 0.00, 0.98) (1005.50,167.75,191.00) (1006.00,167.75,191.11) (1006.00,171.75,191.11) (1005.50,171.75,191.00)
roof         n=( 0.00, 0.52, 0.85) (984.75,135.00,191.11) (984.75,134.50,191.42) (988.75,134.50,191.42) (988.75,135.00,191.11)
roof         n=(-0.52, 0.00, 0.85) (1006.00,143.75,191.11) (1006.50,143.75,191.42) (1006.50,147.75,191.42) (1006.00,147.75,191.11)
roof         n=(-0.52, 0.00, 0.85) (1006.00,167.75,191.11) (1006.50,167.75,191.42) (1006.50,171.75,191.42) (1006.00,171.75,191.11)
roof         n=( 0.00, 0.67, 0.74) (984.75,134.50,191.42) (984.75,134.00,191.86) (988.75,134.00,191.86) (988.75,134.50,191.42)
roof         n=(-0.67, 0.00, 0.74) (1006.50,143.75,191.42) (1007.00,143.75,191.86) (1007.00,147.75,191.86) (1006.50,147.75,191.42)
roof         n=(-0.67, 0.00, 0.74) (1006.50,167.75,191.42) (1007.00,167.75,191.86) (1007.00,171.75,191.86) (1006.50,171.75,191.42)
roof         n=( 0.00, 0.74, 0.68) (984.75,134.00,191.86) (984.75,133.50,192.41) (988.75,133.50,192.41) (988.75,134.00,191.86)
roof         n=(-0.74, 0.00, 0.68) (1007.00,167.75,191.86) (1007.50,167.75,192.41) (1007.50,171.75,192.41) (1007.00,171.75,191.86)
roof         n=(-0.74, 0.00, 0.68) (1007.00,143.75,191.86) (1007.50,143.75,192.41) (1007.50,147.75,192.41) (1007.00,147.75,191.86)
roof         n=( 0.00, 0.76, 0.65) (984.75,133.50,192.41) (984.75,133.00,193.00) (988.75,133.00,193.00) (988.75,133.50,192.41)
roof         n=(-0.76, 0.00, 0.65) (1007.50,143.75,192.41) (1008.00,143.75,193.00) (1008.00,147.75,193.00) (1007.50,147.75,192.41)
roof         n=(-0.76, 0.00, 0.65) (1007.50,167.75,192.41) (1008.00,167.75,193.00) (1008.00,171.75,193.00) (1007.50,171.75,192.41)
roof         n=( 0.00, 0.76, 0.65) (984.75,133.00,193.00) (984.75,132.50,193.59) (988.75,132.50,193.59) (988.75,133.00,193.00)
roof         n=(-0.76, 0.00, 0.65) (1008.00,167.75,193.00) (1008.50,167.75,193.59) (1008.50,171.75,193.59) (1008.00,171.75,193.00)
roof         n=(-0.76, 0.00, 0.65) (1008.00,143.75,193.00) (1008.50,143.75,193.59) (1008.50,147.75,193.59) (1008.00,147.75,193.00)
roof         n=( 0.00, 0.74, 0.68) (984.75,132.50,193.59) (984.75,132.00,194.14) (988.75,132.00,194.14) (988.75,132.50,193.59)
roof         n=(-0.74, 0.00, 0.68) (1008.50,167.75,193.59) (1009.00,167.75,194.14) (1009.00,171.75,194.14) (1008.50,171.75,193.59)
roof         n=(-0.74, 0.00, 0.68) (1008.50,143.75,193.59) (1009.00,143.75,194.14) (1009.00,147.75,194.14) (1008.50,147.75,193.59)
roof         n=( 0.00, 0.67, 0.74) (984.75,132.00,194.14) (984.75,131.50,194.58) (988.75,131.50,194.58) (988.75,132.00,194.14)
roof         n=(-0.67, 0.00, 0.74) (1009.00,167.75,194.14) (1009.50,167.75,194.58) (1009.50,171.75,194.58) (1009.00,171.75,194.14)
roof         n=(-0.67, 0.00, 0.74) (1009.00,143.75,194.14) (1009.50,143.75,194.58) (1009.50,147.75,194.58) (1009.00,147.75,194.14)
roof         n=( 0.00, 0.52, 0.85) (984.75,131.50,194.58) (984.75,131.00,194.89) (988.75,131.00,194.89) (988.75,131.50,194.58)
roof         n=(-0.52, 0.00, 0.85) (1009.50,167.75,194.58) (1010.00,167.75,194.89) (1010.00,171.75,194.89) (1009.50,171.75,194.58)
roof         n=(-0.52, 0.00, 0.85) (1009.50,143.75,194.58) (1010.00,143.75,194.89) (1010.00,147.75,194.89) (1009.50,147.75,194.58)
roof         n=( 0.00, 0.22, 0.98) (984.75,131.00,194.89) (984.75,130.50,195.00) (988.75,130.50,195.00) (988.75,131.00,194.89)
roof         n=(-0.22, 0.00, 0.98) (1010.00,167.75,194.89) (1010.50,167.75,195.00) (1010.50,171.75,195.00) (1010.00,171.75,194.89)
roof         n=(-0.22, 0.00, 0.98) (1010.00,143.75,194.89) (1010.50,143.75,195.00) (1010.50,147.75,195.00) (1010.00,147.75,194.89)
roof         n=( 0.00, 0.00,-1.00) (866.75,130.25,197.00) (1010.75,130.25,197.00) (1011.50,129.50,197.00) (866.00,129.50,197.00)
roof         n=( 0.00, 0.00,-1.00) (866.00,141.50,197.00) (888.75,141.50,197.00) (892.75,141.50,197.00) (912.75,141.50,197.00) (916.75,141.50,197.00) (936.75,141.50,197.00) (940.75,141.50,197.00) (960.75,141.50,197.00) (964.75,141.50,197.00) (984.75,141.50,197.00) (988.75,141.50,197.00) (999.50,141.50,197.00) (1010.75,130.25,197.00) (866.00,130.25,197.00)
roof         n=( 0.00, 0.00,-1.00) (984.75,130.50,197.00) (984.75,141.50,197.00) (988.75,141.50,197.00) (988.75,130.50,197.00)
roof         n=( 1.00, 0.00, 0.00) (984.75,141.50,197.00) (984.75,130.50,197.00) (984.75,130.50,195.00) (984.75,131.00,194.89) (984.75,131.50,194.58) (984.75,132.00,194.14) (984.75,132.50,193.59) (984.75,133.00,193.00) (984.75,133.50,192.41) (984.75,134.00,191.86) (984.75,134.50,191.42) (984.75,135.00,191.11) (984.75,135.50,191.00) (984.75,141.50,191.00)
roof         n=( 0.00,-1.00, 0.00) (984.75,141.50,197.00) (984.75,141.50,191.00) (988.75,141.50,191.00) (988.75,141.50,197.00)
roof         n=( 0.00, 1.00, 0.00) (984.75,130.50,195.00) (984.75,130.50,197.00) (988.75,130.50,197.00) (988.75,130.50,195.00)
roof         n=( 1.00, 0.00, 0.00) (988.75,141.50,197.00) (988.75,130.50,197.00) (988.75,130.50,195.00) (988.75,131.00,194.89) (988.75,131.50,194.58) (988.75,132.00,194.14) (988.75,132.50,193.59) (988.75,133.00,193.00) (988.75,133.50,192.41) (988.75,134.00,191.86) (988.75,134.50,191.42) (988.75,135.00,191.11) (988.75,135.50,191.00) (988.75,141.50,191.00)
roof         n=( 1.00, 0.00, 0.00) (999.50,143.75,197.00) (999.50,143.75,191.00) (999.50,147.75,191.00) (999.50,147.75,197.00)
roof         n=( 0.00, 0.00,-1.00) (1010.50,143.75,197.00) (999.50,143.75,197.00) (999.50,147.75,197.00) (1010.50,147.75,197.00)
roof         n=( 0.00, 1.00, 0.00) (999.50,147.75,197.00) (1010.50,147.75,197.00) (1010.50,147.75,195.00) (1010.00,147.75,194.89) (1009.50,147.75,194.58) (1009.00,147.75,194.14) (1008.50,147.75,193.59) (1008.00,147.75,193.00) (1007.50,147.75,192.41) (1007.00,147.75,191.86) (1006.50,147.75,191.42) (1006.00,147.75,191.11) (1005.50,147.75,191.00) (999.50,147.75,191.00)
roof         n=( 0.00, 1.00, 0.00) (999.50,143.75,197.00) (1010.50,143.75,197.00) (1010.50,143.75,195.00) (1010.00,143.75,194.89) (1009.50,143.75,194.58) (1009.00,143.75,194.14) (1008.50,143.75,193.59) (1008.00,143.75,193.00) (1007.50,143.75,192.41) (1007.00,143.75,191.86) (1006.50,143.75,191.42) (1006.00,143.75,191.11) (1005.50,143.75,191.00) (999.50,143.75,191.00)
roof         n=( 1.00, 0.00, 0.00) (999.50,167.75,197.00) (999.50,167.75,191.00) (999.50,171.75,191.00) (999.50,171.75,197.00)
roof         n=( 0.00, 1.00, 0.00) (999.50,167.75,197.00) (1010.50,167.75,197.00) (1010.50,167.75,195.00) (1010.00,167.75,194.89) (1009.50,167.75,194.58) (1009.00,167.75,194.14) (1008.50,167.75,193.59) (1008.00,167.75,193.00) (1007.50,167.75,192.41) (1007.00,167.75,191.86) (1006.50,167.75,191.42) (1006.00,167.75,191.11) (1005.50,167.75,191.00) (999.50,167.75,191.00)
roof         n=( 0.00, 0.00,-1.00) (1010.50,167.75,197.00) (999.50,167.75,197.00) (999.50,171.75,197.00) (1010.50,171.75,197.00)
roof         n=( 0.00, 1.00, 0.00) (999.50,171.75,197.00) (1010.50,171.75,197.00) (1010.50,171.75,195.00) (1010.00,171.75,194.89) (1009.50,171.75,194.58) (1009.00,171.75,194.14) (1008.50,171.75,193.59) (1008.00,171.75,193.00) (1007.50,171.75,192.41) (1007.00,171.75,191.86) (1006.50,171.75,191.42) (1006.00,171.75,191.11) (1005.50,171.75,191.00) (999.50,171.75,191.00)
roof         n=( 0.00, 0.00,-1.00) (999.50,141.50,197.00) (999.50,143.75,197.00) (999.50,147.75,197.00) (999.50,167.75,197.00) (999.50,171.75,197.00) (999.50,191.75,197.00) (999.50,195.75,197.00) (999.50,215.75,197.00) (999.50,219.75,197.00) (999.50,239.75,197.00) (999.50,243.75,197.00) (999.50,270.00,197.00) (1010.75,258.75,197.00) (1010.75,130.25,197.00)
roof         n=(-1.00, 0.00, 0.00) (1010.50,143.75,195.00) (1010.50,143.75,197.00) (1010.50,147.75,197.00) (1010.50,147.75,195.00)
roof         n=(-1.00, 0.00, 0.00) (1010.50,167.75,195.00) (1010.50,167.75,197.00) (1010.50,171.75,197.00) (1010.50,171.75,195.00)
roof         n=( 0.00, 0.00,-1.00) (1010.75,130.25,197.00) (1010.75,258.75,197.00) (1011.50,258.00,197.00) (1011.50,129.50,197.00)
roof         n=( 0.00, 1.00, 0.00) (866.00,130.25,197.75) (1010.75,130.25,197.75) (1010.75,130.25,197.00) (866.00,130.25,197.00)
roof         n=( 0.00, 0.00,-1.00) (866.00,141.50,197.75) (999.50,141.50,197.75) (1010.75,130.25,197.75) (866.00,130.25,197.75)
roof         n=( 0.00,-1.00, 0.00) (999.50,141.50,197.75) (866.00,141.50,197.75) (866.00,141.50,197.00) (888.75,141.50,197.00) (892.75,141.50,197.00) (912.75,141.50,197.00) (916.75,141.50,197.00) (936.75,141.50,197.00) (940.75,141.50,197.00) (960.75,141.50,197.00) (964.75,141.50,197.00) (984.75,141.50,197.00) (988.75,141.50,197.00) (999.50,141.50,197.00)
roof         n=( 1.00, 0.00, 0.00) (999.50,270.00,197.75) (999.50,141.50,197.75) (999.50,141.50,197.00) (999.50,143.75,197.00) (999.50,147.75,197.00) (999.50,167.75,197.00) (999.50,171.75,197.00) (999.50,191.75,197.00) (999.50,195.75,197.00) (999.50,215.75,197.00) (999.50,219.75,197.00) (999.50,239.75,197.00) (999.50,243.75,197.00) (999.50,270.00,197.00)
roof         n=( 0.71, 0.71, 0.00) (999.50,141.50,197.75) (1010.75,130.25,197.75) (1010.75,130.25,197.00) (999.50,141.50,197.00)
roof         n=( 0.00, 0.00,-1.00) (999.50,141.50,197.75) (999.50,270.00,197.75) (1010.75,258.75,197.75) (1010.75,130.25,197.75)
roof         n=(-1.00, 0.00, 0.00) (1010.75,130.25,197.00) (1010.75,130.25,197.75) (1010.75,258.75,197.75) (1010.75,258.75,197.00)
roof         n=( 0.00, 0.00,-1.00) (865.25,125.50,200.90) (865.25,129.50,200.90) (1011.50,129.50,200.90) (1015.50,125.50,200.90)
roof         n=( 0.00, 0.00,-1.00) (1015.50,125.50,200.90) (1011.50,129.50,200.90) (1011.50,258.00,200.90) (1015.50,254.00,200.90)
roof         n=(-1.00, 0.00, 0.00) (1011.50,129.50,197.00) (1011.50,129.50,200.90) (1011.50,258.00,200.90) (1011.50,258.00,197.00)
roof         n=( 0.00, 0.00, 1.00) (865.25,129.35,201.05) (865.25,125.65,201.05) (1015.35,125.65,201.05) (1011.65,129.35,201.05)
roof         n=( 0.00, 0.00, 1.00) (1011.65,129.35,201.05) (1015.35,125.65,201.05) (1015.35,254.15,201.05) (1011.65,257.85,201.05)
roof         n=( 0.00, 0.00,-1.00) (865.15,129.50,203.00) (1011.50,129.50,203.00) (1011.60,129.40,203.00) (865.15,129.40,203.00)
roof         n=(-1.00, 0.00, 0.00) (1011.50,258.00,203.00) (1011.50,258.00,200.90) (1011.50,129.50,200.90) (1011.50,129.50,203.00)
roof         n=( 0.00, 0.00,-1.00) (1011.50,129.50,203.00) (1011.50,258.00,203.00) (1011.60,257.90,203.00) (1011.60,129.40,203.00)
roof         n=( 0.00, 1.00, 0.00) (865.25,125.65,201.05) (865.25,125.65,204.50) (1015.35,125.65,204.50) (1015.35,125.65,201.05)
roof         n=( 0.00, 1.00, 0.00) (865.25,129.50,200.90) (865.25,129.50,204.50) (1011.50,129.50,204.50) (1011.50,129.50,200.90)
roof         n=( 0.00, 0.00, 1.00) (865.25,129.50,204.50) (865.25,129.35,204.50) (1011.65,129.35,204.50) (1011.50,129.50,204.50)
roof         n=( 0.00,-1.00, 0.00) (865.25,129.35,204.50) (865.25,129.35,201.05) (1011.65,129.35,201.05) (1011.65,129.35,204.50)
roof         n=( 0.00,-1.00, 0.00) (865.25,125.50,204.50) (865.25,125.50,200.90) (1015.50,125.50,200.90) (1015.50,125.50,204.50)
roof         n=( 0.00, 0.00, 1.00) (865.25,125.65,204.50) (865.25,125.50,204.50) (1015.50,125.50,204.50) (1015.35,125.65,204.50)
roof         n=(-1.00, 0.00, 0.00) (1011.50,129.50,203.00) (1011.50,129.50,204.50) (1011.50,258.00,204.50) (1011.50,258.00,203.00)
roof         n=( 0.71, 0.71, 0.00) (1011.65,129.35,204.50) (1011.65,129.35,201.05) (1015.35,125.65,201.05) (1015.35,125.65,204.50) (1015.50,125.50,204.50) (1015.50,125.50,200.90) (1011.50,129.50,200.90) (1011.50,129.50,204.50)
roof         n=( 0.00, 0.00, 1.00) (1011.50,129.50,204.50) (1011.65,129.35,204.50) (1011.65,257.85,204.50) (1011.50,258.00,204.50)
roof         n=(-1.00, 0.00, 0.00) (1011.50,129.50,200.90) (1011.50,129.50,204.50) (1011.50,258.00,204.50) (1011.50,258.00,200.90)
roof         n=( 1.00, 0.00, 0.00) (1011.65,129.35,204.50) (1011.65,129.35,201.05) (1011.65,257.85,201.05) (1011.65,257.85,204.50)
roof         n=( 0.00, 0.00, 1.00) (1015.35,125.65,204.50) (1015.50,125.50,204.50) (1015.50,254.00,204.50) (1015.35,254.15,204.50)
roof         n=(-1.00, 0.00, 0.00) (1015.35,125.65,201.05) (1015.35,125.65,204.50) (1015.35,254.15,204.50) (1015.35,254.15,201.05)
roof         n=( 1.00, 0.00, 0.00) (1015.50,125.50,204.50) (1015.50,125.50,200.90) (1015.50,254.00,200.90) (1015.50,254.00,204.50)
roof         n=( 0.00, 1.00, 0.00) (865.15,129.50,205.00) (1011.50,129.50,205.00) (1011.50,129.50,204.50) (1011.50,129.50,203.00) (865.15,129.50,203.00)
roof         n=( 0.00, 1.00, 0.00) (865.15,129.40,205.00) (1011.60,129.40,205.00) (1011.60,129.40,203.00) (865.15,129.40,203.00)
roof         n=( 0.00, 0.00,-1.00) (865.15,129.50,205.00) (1011.50,129.50,205.00) (1011.60,129.40,205.00) (865.15,129.40,205.00)
roof         n=( 0.00, 1.00, 0.00) (866.00,129.50,205.00) (1011.50,129.50,205.00) (1011.50,129.50,204.50) (1011.50,129.50,203.00) (1011.50,129.50,200.90) (1011.50,129.50,197.00) (866.00,129.50,197.00) (866.00,129.50,200.90) (866.00,129.50,203.00) (866.00,129.50,204.50)
roof         n=( 0.00, 0.00, 1.00) (1010.75,130.25,205.00) (866.75,130.25,205.00) (866.00,129.50,205.00) (1011.50,129.50,205.00)
roof         n=( 0.00, 1.00, 0.00) (866.75,130.25,205.00) (1010.75,130.25,205.00) (1010.75,130.25,197.75) (1010.75,130.25,197.00) (866.75,130.25,197.00) (866.75,130.25,197.75)
roof         n=( 0.71, 0.71, 0.00) (1010.75,130.25,205.00) (1011.50,129.50,205.00) (1011.50,129.50,204.50) (1011.50,129.50,203.00) (1011.50,129.50,200.90) (1011.50,129.50,197.00) (1010.75,130.25,197.00) (1010.75,130.25,197.75)
roof         n=(-1.00, 0.00, 0.00) (1010.75,258.75,205.00) (1010.75,258.75,197.75) (1010.75,130.25,197.75) (1010.75,130.25,205.00)
roof         n=( 0.00, 0.00, 1.00) (1010.75,258.75,205.00) (1010.75,130.25,205.00) (1011.50,129.50,205.00) (1011.50,258.00,205.00)
roof         n=( 0.00, 0.00, 1.00) (1011.50,258.00,205.00) (1011.50,129.50,205.00) (1011.60,129.40,205.00) (1011.60,257.90,205.00)
roof         n=(-1.00, 0.00, 0.00) (1011.50,258.00,205.00) (1011.50,258.00,204.50) (1011.50,129.50,204.50) (1011.50,129.50,205.00)
roof         n=( 0.71, 0.71, 0.00) (1011.50,129.50,205.00) (1011.60,129.40,205.00) (1011.60,129.40,203.00) (1011.50,129.50,203.00) (1011.50,129.50,204.50)
roof         n=( 1.00, 0.00, 0.00) (1011.60,257.90,205.00) (1011.60,129.40,205.00) (1011.60,129.40,203.00) (1011.60,257.90,203.00)
roof         n=( 0.00, 1.00, 0.00) (1011.50,129.50,205.00) (866.00,129.50,205.00) (866.00,129.50,205.54) (1011.50,129.50,205.54)
roof         n=(-1.00, 0.00, 0.00) (1011.50,258.00,205.00) (1011.50,129.50,205.00) (1011.50,129.50,205.54) (1011.50,258.00,205.54)
roof         n=( 0.00,-0.38, 0.92) (866.00,129.50,205.00) (1011.50,129.50,205.00) (938.75,202.25,235.31)
roof         n=( 0.38, 0.00, 0.92) (1011.50,129.50,205.00) (1011.50,258.00,205.00) (938.75,330.75,235.31) (938.75,202.25,235.31)
roof         n=( 0.00,-0.38, 0.92) (866.00,129.50,205.54) (1011.50,129.50,205.54) (938.75,202.25,235.85)
roof         n=( 0.38, 0.00, 0.92) (1011.50,129.50,205.54) (1011.50,258.00,205.54) (938.75,330.75,235.85) (938.75,202.25,235.85)
