Interior Pro - the two ends of the wing's south eave
time: 2026-08-30 12:31:16 -0700
faces in the box: 79
downspout    n=( 0.00,-1.00, 0.00) (1031.00,267.62,190.75) (1028.00,267.62,190.75) (1028.00,267.62,118.41) (1031.00,267.62,118.41)
downspout    n=( 0.00,-1.00, 0.00) (1030.88,267.74,190.84) (1028.12,267.74,190.84) (1028.12,267.74,118.36) (1030.88,267.74,118.36)
downspout    n=( 0.00, 1.00, 0.00) (1028.12,269.50,192.07) (1030.88,269.50,192.07) (1030.88,269.50,117.64) (1028.12,269.50,117.64)
downspout    n=(-1.00, 0.00, 0.00) (1028.12,267.74,190.84) (1028.12,269.50,192.07) (1028.12,269.50,117.64) (1028.12,267.74,118.36)
downspout    n=( 1.00, 0.00, 0.00) (1030.88,269.50,192.07) (1030.88,267.74,190.84) (1030.88,267.74,118.36) (1030.88,269.50,117.64)
downspout    n=( 0.00, 1.00, 0.00) (1028.00,269.62,192.16) (1031.00,269.62,192.16) (1031.00,269.62,117.59) (1028.00,269.62,117.59)
downspout    n=(-1.00, 0.00, 0.00) (1028.00,267.62,190.75) (1028.00,269.62,192.16) (1028.00,269.62,117.59) (1028.00,267.62,118.41)
downspout    n=( 1.00, 0.00, 0.00) (1031.00,269.62,192.16) (1031.00,267.62,190.75) (1031.00,267.62,118.41) (1031.00,269.62,117.59)
downspout    n=( 0.00,-0.34,-0.94) (1031.00,255.00,195.30) (1028.00,255.00,195.30) (1028.00,267.62,190.75) (1031.00,267.62,190.75)
downspout    n=( 0.00,-0.34,-0.94) (1030.88,255.12,195.38) (1028.12,255.12,195.38) (1028.12,267.74,190.84) (1030.88,267.74,190.84)
downspout    n=( 0.00, 0.34, 0.94) (1028.12,256.88,196.62) (1030.88,256.88,196.62) (1030.88,269.50,192.07) (1028.12,269.50,192.07)
downspout    n=(-1.00, 0.00, 0.00) (1028.12,255.12,195.38) (1028.12,256.88,196.62) (1028.12,269.50,192.07) (1028.12,267.74,190.84)
downspout    n=( 1.00, 0.00, 0.00) (1030.88,256.88,196.62) (1030.88,255.12,195.38) (1030.88,267.74,190.84) (1030.88,269.50,192.07)
downspout    n=(-1.00, 0.00, 0.00) (1028.00,255.00,195.30) (1028.00,257.00,196.70) (1028.00,269.62,192.16) (1028.00,267.62,190.75)
downspout    n=( 0.00, 0.34, 0.94) (1028.00,257.00,196.70) (1031.00,257.00,196.70) (1031.00,269.62,192.16) (1028.00,269.62,192.16)
downspout    n=( 1.00, 0.00, 0.00) (1031.00,257.00,196.70) (1031.00,255.00,195.30) (1031.00,267.62,190.75) (1031.00,269.62,192.16)
downspout    n=( 0.00,-1.00, 0.00) (1031.00,255.00,201.90) (1028.00,255.00,201.90) (1028.00,255.00,195.30) (1031.00,255.00,195.30)
downspout    n=( 0.00, 0.00, 1.00) (1031.00,257.00,201.90) (1028.00,257.00,201.90) (1028.00,255.00,201.90) (1031.00,255.00,201.90)
downspout    n=(-1.00, 0.00, 0.00) (1028.00,255.00,201.90) (1028.00,257.00,201.90) (1028.00,257.00,196.70) (1028.00,255.00,195.30)
downspout    n=( 0.00, 1.00, 0.00) (1028.00,257.00,201.90) (1031.00,257.00,201.90) (1031.00,257.00,196.70) (1028.00,257.00,196.70)
downspout    n=(-1.00, 0.00, 0.00) (1028.12,255.12,201.90) (1028.12,256.88,201.90) (1028.12,256.88,196.62) (1028.12,255.12,195.38)
downspout    n=( 0.00,-1.00, 0.00) (1030.88,255.12,201.90) (1028.12,255.12,201.90) (1028.12,255.12,195.38) (1030.88,255.12,195.38)
downspout    n=( 0.00, 1.00, 0.00) (1028.12,256.88,201.90) (1030.88,256.88,201.90) (1030.88,256.88,196.62) (1028.12,256.88,196.62)
downspout    n=( 0.00, 0.00, 1.00) (1030.88,256.88,201.90) (1028.12,256.88,201.90) (1028.12,255.12,201.90) (1030.88,255.12,201.90)
downspout    n=( 1.00, 0.00, 0.00) (1030.88,256.88,201.90) (1030.88,255.12,201.90) (1030.88,255.12,195.38) (1030.88,256.88,196.62)
downspout    n=( 1.00, 0.00, 0.00) (1031.00,257.00,201.90) (1031.00,255.00,201.90) (1031.00,255.00,195.30) (1031.00,257.00,196.70)
roof         n=( 0.00, 0.00,-1.00) (999.50,270.00,197.00) (1156.50,270.00,197.00) (1156.50,258.75,197.00) (1010.75,258.75,197.00)
roof         n=( 0.00, 0.00,-1.00) (999.50,141.50,197.00) (999.50,270.00,197.00) (1010.75,258.75,197.00) (1010.75,130.25,197.00)
roof         n=( 0.00, 0.00,-1.00) (1010.75,258.75,197.00) (1155.75,258.75,197.00) (1156.50,258.00,197.00) (1011.50,258.00,197.00)
roof         n=( 0.00, 0.00,-1.00) (1010.75,130.25,197.00) (1010.75,258.75,197.00) (1011.50,258.00,197.00) (1011.50,129.50,197.00)
roof         n=( 0.71, 0.71, 0.00) (999.50,270.00,197.75) (1010.75,258.75,197.75) (1010.75,258.75,197.00) (999.50,270.00,197.00)
roof         n=( 0.00, 0.00,-1.00) (999.50,270.00,197.75) (1144.50,270.00,197.75) (1156.50,270.00,197.75) (1156.50,259.80,197.75) (1156.50,258.75,197.75) (1010.75,258.75,197.75)
roof         n=( 0.00, 0.00,-1.00) (999.50,141.50,197.75) (999.50,270.00,197.75) (1010.75,258.75,197.75) (1010.75,130.25,197.75)
roof         n=( 0.00,-1.00, 0.00) (1144.50,270.00,197.75) (999.50,270.00,197.75) (999.50,270.00,197.00) (1156.50,270.00,197.00) (1156.50,270.00,197.75)
roof         n=( 1.00, 0.00, 0.00) (999.50,270.00,197.75) (999.50,141.50,197.75) (999.50,141.50,197.00) (999.50,270.00,197.00)
roof         n=(-1.00, 0.00, 0.00) (1010.75,130.25,197.00) (1010.75,130.25,197.75) (1010.75,258.75,197.75) (1010.75,258.75,197.00)
roof         n=( 0.00, 1.00, 0.00) (1010.75,258.75,197.75) (1156.50,258.75,197.75) (1156.50,258.75,197.00) (1010.75,258.75,197.00)
roof         n=( 0.00, 0.00,-1.00) (1015.50,254.00,200.90) (1011.50,258.00,200.90) (1157.25,258.00,200.90) (1157.25,254.00,200.90)
roof         n=( 0.00, 0.00,-1.00) (1015.50,125.50,200.90) (1011.50,129.50,200.90) (1011.50,258.00,200.90) (1015.50,254.00,200.90)
roof         n=(-1.00, 0.00, 0.00) (1011.50,129.50,197.00) (1011.50,129.50,200.90) (1011.50,258.00,200.90) (1011.50,258.00,197.00)
roof         n=( 0.00, 0.00, 1.00) (1011.65,257.85,201.05) (1015.35,254.15,201.05) (1157.25,254.15,201.05) (1157.25,257.85,201.05)
roof         n=( 0.00, 0.00, 1.00) (1011.65,129.35,201.05) (1015.35,125.65,201.05) (1015.35,254.15,201.05) (1011.65,257.85,201.05)
roof         n=( 0.00, 0.00,-1.00) (1011.50,258.00,203.00) (1157.25,258.00,203.00) (1157.35,258.00,203.00) (1157.35,257.90,203.00) (1011.60,257.90,203.00)
roof         n=( 0.00, 0.00,-1.00) (1011.50,129.50,203.00) (1011.50,258.00,203.00) (1011.60,257.90,203.00) (1011.60,129.40,203.00)
roof         n=(-1.00, 0.00, 0.00) (1011.50,258.00,203.00) (1011.50,258.00,200.90) (1011.50,129.50,200.90) (1011.50,129.50,203.00)
roof         n=( 0.00, 1.00, 0.00) (1011.50,258.00,200.90) (1011.50,258.00,204.50) (1157.25,258.00,204.50) (1157.25,258.00,200.90)
roof         n=(-1.00, 0.00, 0.00) (1011.50,129.50,200.90) (1011.50,129.50,204.50) (1011.50,258.00,204.50) (1011.50,258.00,200.90)
roof         n=( 0.00, 0.00, 1.00) (1011.50,129.50,204.50) (1011.65,129.35,204.50) (1011.65,257.85,204.50) (1011.50,258.00,204.50)
roof         n=( 0.71, 0.71,-0.00) (1011.65,257.85,204.50) (1011.65,257.85,201.05) (1015.35,254.15,201.05) (1015.35,254.15,204.50) (1015.50,254.00,204.50) (1015.50,254.00,200.90) (1011.50,258.00,200.90) (1011.50,258.00,204.50)
roof         n=( 0.00, 0.00, 1.00) (1011.50,258.00,204.50) (1011.65,257.85,204.50) (1157.25,257.85,204.50) (1157.25,258.00,204.50)
roof         n=(-1.00, 0.00, 0.00) (1011.50,129.50,203.00) (1011.50,129.50,204.50) (1011.50,258.00,204.50) (1011.50,258.00,203.00)
roof         n=( 1.00, 0.00, 0.00) (1011.65,129.35,204.50) (1011.65,129.35,201.05) (1011.65,257.85,201.05) (1011.65,257.85,204.50)
roof         n=( 0.00,-1.00, 0.00) (1011.65,257.85,204.50) (1011.65,257.85,201.05) (1157.25,257.85,201.05) (1157.25,257.85,204.50)
roof         n=( 0.00, 1.00, 0.00) (1015.35,254.15,201.05) (1015.35,254.15,204.50) (1157.25,254.15,204.50) (1157.25,254.15,201.05)
roof         n=( 0.00, 0.00, 1.00) (1015.35,254.15,204.50) (1015.50,254.00,204.50) (1157.25,254.00,204.50) (1157.25,254.15,204.50)
roof         n=(-1.00, 0.00, 0.00) (1015.35,125.65,201.05) (1015.35,125.65,204.50) (1015.35,254.15,204.50) (1015.35,254.15,201.05)
roof         n=( 0.00, 0.00, 1.00) (1015.35,125.65,204.50) (1015.50,125.50,204.50) (1015.50,254.00,204.50) (1015.35,254.15,204.50)
roof         n=( 1.00, 0.00, 0.00) (1015.50,125.50,204.50) (1015.50,125.50,200.90) (1015.50,254.00,200.90) (1015.50,254.00,204.50)
roof         n=( 0.00,-1.00, 0.00) (1015.50,254.00,204.50) (1015.50,254.00,200.90) (1157.25,254.00,200.90) (1157.25,254.00,204.50)
roof         n=( 0.00, 0.00, 1.00) (1010.75,258.75,205.00) (1010.75,130.25,205.00) (1011.50,129.50,205.00) (1011.50,258.00,205.00)
roof         n=(-1.00, 0.00, 0.00) (1010.75,258.75,205.00) (1010.75,258.75,197.75) (1010.75,130.25,197.75) (1010.75,130.25,205.00)
roof         n=( 0.71, 0.71, 0.00) (1010.75,258.75,205.00) (1011.50,258.00,205.00) (1011.50,258.00,204.50) (1011.50,258.00,203.00) (1011.50,258.00,200.90) (1011.50,258.00,197.00) (1010.75,258.75,197.00) (1010.75,258.75,197.75)
roof         n=( 0.00, 0.00, 1.00) (1155.75,258.75,205.00) (1010.75,258.75,205.00) (1011.50,258.00,205.00) (1156.50,258.00,205.00)
roof         n=( 0.00, 1.00, 0.00) (1010.75,258.75,205.00) (1155.75,258.75,205.00) (1155.75,258.75,197.00) (1010.75,258.75,197.00) (1010.75,258.75,197.75)
roof         n=( 0.00, 0.00, 1.00) (1011.50,258.00,205.00) (1011.50,129.50,205.00) (1011.60,129.40,205.00) (1011.60,257.90,205.00)
roof         n=( 0.00, 1.00, 0.00) (1011.50,258.00,205.00) (1156.50,258.00,205.00) (1156.50,258.00,197.00) (1011.50,258.00,197.00) (1011.50,258.00,200.90) (1011.50,258.00,203.00) (1011.50,258.00,204.50)
roof         n=( 0.71, 0.71, 0.00) (1011.50,258.00,205.00) (1011.60,257.90,205.00) (1011.60,257.90,203.00) (1011.50,258.00,203.00) (1011.50,258.00,204.50)
roof         n=( 0.00, 1.00, 0.00) (1011.50,258.00,205.00) (1157.35,258.00,205.00) (1157.35,258.00,203.00) (1157.25,258.00,203.00) (1011.50,258.00,203.00) (1011.50,258.00,204.50)
roof         n=( 0.00, 0.00, 1.00) (1157.35,258.00,205.00) (1011.50,258.00,205.00) (1011.60,257.90,205.00) (1157.35,257.90,205.00)
roof         n=(-1.00, 0.00, 0.00) (1011.50,258.00,205.00) (1011.50,258.00,204.50) (1011.50,129.50,204.50) (1011.50,129.50,205.00)
roof         n=( 1.00, 0.00, 0.00) (1011.60,257.90,205.00) (1011.60,129.40,205.00) (1011.60,129.40,203.00) (1011.60,257.90,203.00)
roof         n=( 0.00,-1.00, 0.00) (1157.35,257.90,205.00) (1011.60,257.90,205.00) (1011.60,257.90,203.00) (1157.35,257.90,203.00)
roof         n=( 0.00, 1.00, 0.00) (1156.50,258.00,205.00) (1011.50,258.00,205.00) (1011.50,258.00,205.54) (1156.50,258.00,205.54)
roof         n=(-1.00, 0.00, 0.00) (1011.50,258.00,205.00) (1011.50,129.50,205.00) (1011.50,129.50,205.54) (1011.50,258.00,205.54)
roof         n=( 0.38, 0.00, 0.92) (1011.50,129.50,205.00) (1011.50,258.00,205.00) (938.75,330.75,235.31) (938.75,202.25,235.31)
roof         n=( 0.38, 0.00, 0.92) (1011.50,129.50,205.54) (1011.50,258.00,205.54) (938.75,330.75,235.85) (938.75,202.25,235.85)
roof         n=(-0.71,-0.71, 0.00) (938.75,330.75,235.31) (1011.50,258.00,205.00) (1011.50,258.00,205.54) (938.75,330.75,235.85)
roof         n=( 0.00,-0.38, 0.92) (866.00,258.00,205.00) (866.75,258.00,205.00) (1011.50,258.00,205.00) (1156.50,258.00,205.00) (1156.50,395.00,262.08) (866.00,395.00,262.08)
roof         n=( 0.00,-0.38, 0.92) (866.00,258.00,205.54) (1011.50,258.00,205.54) (1156.50,258.00,205.54) (1156.50,395.00,262.62) (866.00,395.00,262.62)
