ROOF 1
  long DIAGONAL edges (>60", not axis-aligned): 4
   roof           len   107.3  faces 1  (1011.5,258.0,205.0)->(938.8,330.8,235.3)
   roof           len   107.3  faces 1  (938.8,330.8,235.9)->(866.0,258.0,205.5)
   roof           len   107.3  faces 1  (1011.5,258.0,205.5)->(938.8,330.8,235.9)
   roof           len   107.3  faces 1  (938.8,330.8,235.3)->(866.0,258.0,205.0)
  SLIVER faces (area<40, perimeter>250): 16
   roof           area 29.2 per 584.6  (1157.4,532.0,205.0) (865.2,532.0,205.0) (865.2,532.1,205.0) (1157.4,532.1,205.0)
   roof           area 29.2 per 584.6  (1157.4,532.0,203.0) (1157.2,532.0,203.0) (865.2,532.0,203.0) (865.2,532.0,203.0) (865.2,532.1,203.0)
   roof           area 12.9 per 257.3  (866.0,258.0,205.0) (866.0,129.5,205.0) (865.9,129.4,205.0) (865.9,258.0,205.0)
   roof           area 12.9 per 257.3  (866.0,258.0,203.0) (866.0,129.5,203.0) (865.9,129.4,203.0) (865.9,258.0,203.0)
   roof           area 12.9 per 258.8  (1011.5,128.6,205.0) (1011.5,258.0,205.0) (1011.6,257.9,205.0) (1011.6,128.6,205.0)
   roof           area 12.9 per 258.8  (1011.5,128.6,203.0) (1011.5,128.8,203.0) (1011.5,258.0,203.0) (1011.6,257.9,203.0) (1011.6,128.6,203.0)
   roof           area 14.6 per 291.8  (1011.5,258.0,205.0) (1157.4,258.0,205.0) (1157.4,257.9,205.0) (1011.6,257.9,205.0)
   roof           area 14.6 per 291.8  (1011.5,258.0,203.0) (1157.2,258.0,203.0) (1157.4,258.0,203.0) (1157.4,257.9,203.0) (1011.6,257.9,203.0)
   roof           area 14.8 per 297.0  (865.2,395.0,262.1) (865.2,532.0,205.0) (865.2,532.0,205.0) (865.2,395.0,262.1)
   roof           area 14.8 per 297.0  (865.2,395.0,260.1) (865.2,532.0,203.0) (865.2,532.0,203.0) (865.2,395.0,260.1)
