=== IP_TileRun_seamRib_29.00_1.00_0.33_28.00_8
    instances in the model: 62   faces 11  edges 20  vertices 44
    bounds   x 13.0000..15.0000  y -0.0237..1.0000  z -0.0000..1.0000
    geometry x 13.0000..15.0000  y -0.0237..1.0000  z -0.0000..1.0000
    vertices BELOW y = 0: 12
        (13.0000, -0.0237, 0.0000)
        (15.0000, -0.0237, 0.0000)
        (15.0000, -0.0237, 1.0000)
        (13.0000, -0.0237, 1.0000)
        (15.0000, -0.0237, 0.0000)
        (13.0000, -0.0237, 0.0000)
        (15.0000, -0.0237, 1.0000)
        (15.0000, -0.0237, 0.0000)
    part attr: "tile_run"   unit_length: 1.0
    face 0: (15.000,0.000,0.000) (13.000,0.000,0.000) (13.000,1.000,-0.000) (15.000,1.000,-0.000)
    face 1: (15.000,0.000,1.000) (15.000,0.000,0.000) (15.000,1.000,-0.000) (15.000,1.000,1.000)
    face 2: (13.000,0.000,1.000) (15.000,0.000,1.000) (15.000,1.000,1.000) (13.000,1.000,1.000)
    face 3: (13.000,0.000,0.000) (13.000,0.000,1.000) (13.000,1.000,1.000) (13.000,1.000,-0.000)
    face 4: (15.000,0.000,0.000) (13.000,0.000,0.000) (13.000,0.000,1.000) (15.000,0.000,1.000)
    face 5: (13.000,1.000,1.000) (15.000,1.000,1.000) (15.000,1.000,-0.000) (13.000,1.000,-0.000)
    face 6: (13.000,-0.024,0.000) (15.000,-0.024,0.000) (15.000,-0.024,1.000) (13.000,-0.024,1.000)
    face 7: (13.000,0.000,0.000) (15.000,0.000,0.000) (15.000,-0.024,0.000) (13.000,-0.024,0.000)
    face 8: (15.000,0.000,0.000) (15.000,0.000,1.000) (15.000,-0.024,1.000) (15.000,-0.024,0.000)
    face 9: (15.000,0.000,1.000) (13.000,0.000,1.000) (13.000,-0.024,1.000) (15.000,-0.024,1.000)
    face 10: (13.000,0.000,1.000) (13.000,0.000,0.000) (13.000,-0.024,0.000) (13.000,-0.024,1.000)
=== IP_TileRun_roman_14.00_3.84_0.33_10.00_8
    instances in the model: 0   faces 27  edges 68  vertices 140
    bounds   x -5.0000..9.0000  y 0.0000..1.0000  z 0.0000..4.1733
    geometry x -5.0000..9.0000  y 0.0000..1.0000  z 0.0000..4.1733
    vertices BELOW y = 0: 0
    part attr: "tile_run"   unit_length: 1.0
    face 0: (5.000,0.000,0.000) (-5.000,0.000,0.000) (-5.000,1.000,0.000) (5.000,1.000,0.000)
    face 1: (5.000,0.000,0.333) (5.000,0.000,0.000) (5.000,1.000,0.000) (5.000,1.000,0.333)
    face 2: (1.000,0.000,0.333) (1.333,0.000,0.333) (1.333,1.000,0.333) (1.000,1.000,0.333)
    face 3: (-5.000,0.000,0.000) (-5.000,0.000,0.333) (-5.000,1.000,0.333) (-5.000,1.000,0.000)
    face 4: (-5.000,0.000,0.000) (5.000,0.000,0.000) (5.000,0.000,0.333) (1.333,0.000,0.333) (1.000,0.000,0.333) (-5.000,0.000,0.333)
    face 5: (-5.000,1.000,0.333) (1.000,1.000,0.333) (1.333,1.000,0.333) (5.000,1.000,0.333) (5.000,1.000,0.000) (-5.000,1.000,0.000)
    face 6: (-5.000,0.000,0.333) (1.000,0.000,0.333) (1.000,1.000,0.333) (-5.000,1.000,0.333)
    face 7: (1.000,0.000,0.333) (1.304,0.000,1.803) (1.304,1.000,1.803) (1.000,1.000,0.333)
    face 8: (1.304,0.000,1.803) (2.172,0.000,3.049) (2.172,1.000,3.049) (1.304,1.000,1.803)
    face 9: (2.172,0.000,3.049) (3.469,0.000,3.881) (3.469,1.000,3.881) (2.172,1.000,3.049)
    face 10: (3.469,0.000,3.881) (5.000,0.000,4.173) (5.000,1.000,4.173) (3.469,1.000,3.881)
    face 11: (5.000,0.000,4.173) (6.531,0.000,3.881) (6.531,1.000,3.881) (5.000,1.000,4.173)
    face 12: (6.531,0.000,3.881) (7.828,0.000,3.049) (7.828,1.000,3.049) (6.531,1.000,3.881)
    face 13: (7.828,0.000,3.049) (8.696,0.000,1.803) (8.696,1.000,1.803) (7.828,1.000,3.049)
    face 14: (8.696,0.000,1.803) (9.000,0.000,0.333) (9.000,1.000,0.333) (8.696,1.000,1.803)
    face 15: (9.000,0.000,0.333) (8.667,0.000,0.333) (8.667,1.000,0.333) (9.000,1.000,0.333)
    face 16: (8.667,0.000,0.333) (8.388,0.000,1.675) (8.388,1.000,1.675) (8.667,1.000,0.333)
    face 17: (8.388,0.000,1.675) (7.593,0.000,2.813) (7.593,1.000,2.813) (8.388,1.000,1.675)
    face 18: (7.593,0.000,2.813) (6.403,0.000,3.573) (6.403,1.000,3.573) (7.593,1.000,2.813)
    face 19: (6.403,0.000,3.573) (5.000,0.000,3.840) (5.000,1.000,3.840) (6.403,1.000,3.573)
    face 20: (5.000,0.000,3.840) (3.597,0.000,3.573) (3.597,1.000,3.573) (5.000,1.000,3.840)
    face 21: (3.597,0.000,3.573) (2.407,0.000,2.813) (2.407,1.000,2.813) (3.597,1.000,3.573)
    face 22: (2.407,0.000,2.813) (1.612,0.000,1.675) (1.612,1.000,1.675) (2.407,1.000,2.813)
    face 23: (5.000,1.000,0.333) (1.333,1.000,0.333) (1.333,0.000,0.333) (5.000,0.000,0.333)
    face 24: (1.612,0.000,1.675) (1.333,0.000,0.333) (1.333,1.000,0.333) (1.612,1.000,1.675)
    face 25: (1.304,0.000,1.803) (1.000,0.000,0.333) (1.333,0.000,0.333) (1.612,0.000,1.675) (2.407,0.000,2.813) (3.597,0.000,3.573) (5.000,0.000,3.840) (6.403,0.000,3.573) (7.593,0.000,2.813) (8.388,0.000,1.675) (8.667,0.000,0.333) (9.000,0.000,0.333) (8.696,0.000,1.803) (7.828,0.000,3.049) (6.531,0.000,3.881) (5.000,0.000,4.173) (3.469,0.000,3.881) (2.172,0.000,3.049)
    face 26: (1.612,1.000,1.675) (1.333,1.000,0.333) (1.000,1.000,0.333) (1.304,1.000,1.803) (2.172,1.000,3.049) (3.469,1.000,3.881) (5.000,1.000,4.173) (6.531,1.000,3.881) (7.828,1.000,3.049) (8.696,1.000,1.803) (9.000,1.000,0.333) (8.667,1.000,0.333) (8.388,1.000,1.675) (7.593,1.000,2.813) (6.403,1.000,3.573) (5.000,1.000,3.840) (3.597,1.000,3.573) (2.407,1.000,2.813)
=== IP_TileFlatWedge_slate_12.60_0.70
    instances in the model: 0   faces 4  edges 9  vertices 14
    bounds   x -6.3000..6.3000  y 0.0000..1.0000  z 0.0000..0.7000
    geometry x -6.3000..6.3000  y 0.0000..1.0000  z 0.0000..0.7000
    vertices BELOW y = 0: 0
    part attr: "tile_flat"   unit_length: 1.0
    face 0: (-6.300,0.000,0.700) (6.300,0.000,0.700) (6.300,1.000,0.000) (-6.300,1.000,0.000)
    face 1: (-6.300,0.000,0.000) (6.300,0.000,0.000) (6.300,0.000,0.700) (-6.300,0.000,0.700)
    face 2: (-6.300,0.000,0.000) (-6.300,0.000,0.700) (-6.300,1.000,0.000)
    face 3: (6.300,0.000,0.700) (6.300,0.000,0.000) (6.300,1.000,0.000)
=== IP_TileRun_roman_14.00_3.84_0.33_10.00_8#1
    instances in the model: 0   faces 46  edges 121  vertices 246
    bounds   x -7.0000..9.0000  y -0.0000..1.0000  z 0.0000..4.1733
    geometry x -7.0000..9.0000  y -0.0000..1.0000  z 0.0000..4.1733
    vertices BELOW y = 0: 0
    part attr: "tile_run"   unit_length: 1.0
    face 0: (5.000,0.000,0.000) (-5.000,0.000,0.000) (-5.000,1.000,0.000) (5.000,1.000,0.000)
    face 1: (5.000,0.000,0.333) (5.000,0.000,0.000) (5.000,1.000,0.000) (5.000,1.000,0.333)
    face 2: (1.000,0.000,0.333) (1.333,0.000,0.333) (1.333,1.000,0.333) (1.000,1.000,0.333)
    face 3: (-5.000,0.000,0.000) (-5.000,0.000,0.333) (-5.000,1.000,0.333) (-5.000,1.000,0.000)
    face 4: (-5.000,0.000,0.000) (5.000,0.000,0.000) (5.000,0.000,0.333) (1.333,0.000,0.333) (1.000,0.000,0.333) (0.667,0.000,0.333) (-5.000,0.000,0.333)
    face 5: (-5.000,1.000,0.333) (0.667,1.000,0.333) (1.000,1.000,0.333) (1.333,1.000,0.333) (5.000,1.000,0.333) (5.000,1.000,0.000) (-5.000,1.000,0.000)
    face 6: (-5.000,0.000,0.333) (0.667,0.000,0.333) (0.667,1.000,0.333) (-5.000,1.000,0.333)
    face 7: (1.000,0.000,0.333) (1.304,0.000,1.803) (1.304,1.000,1.803) (1.000,1.000,0.333)
    face 8: (1.304,0.000,1.803) (2.172,-0.000,3.049) (2.172,1.000,3.049) (1.304,1.000,1.803)
    face 9: (2.172,-0.000,3.049) (3.469,0.000,3.881) (3.469,1.000,3.881) (2.172,1.000,3.049)
    face 10: (3.469,0.000,3.881) (5.000,0.000,4.173) (5.000,1.000,4.173) (3.469,1.000,3.881)
    face 11: (5.000,0.000,4.173) (6.531,0.000,3.881) (6.531,1.000,3.881) (5.000,1.000,4.173)
    face 12: (6.531,0.000,3.881) (7.828,-0.000,3.049) (7.828,1.000,3.049) (6.531,1.000,3.881)
    face 13: (7.828,-0.000,3.049) (8.696,0.000,1.803) (8.696,1.000,1.803) (7.828,1.000,3.049)
    face 14: (8.696,0.000,1.803) (9.000,0.000,0.333) (9.000,1.000,0.333) (8.696,1.000,1.803)
    face 15: (9.000,0.000,0.333) (8.667,0.000,0.333) (8.667,1.000,0.333) (9.000,1.000,0.333)
    face 16: (8.667,0.000,0.333) (8.388,0.000,1.675) (8.388,1.000,1.675) (8.667,1.000,0.333)
    face 17: (8.388,0.000,1.675) (7.593,0.000,2.813) (7.593,1.000,2.813) (8.388,1.000,1.675)
    face 18: (7.593,0.000,2.813) (6.403,0.000,3.573) (6.403,1.000,3.573) (7.593,1.000,2.813)
    face 19: (6.403,0.000,3.573) (5.000,-0.000,3.840) (5.000,1.000,3.840) (6.403,1.000,3.573)
    face 20: (5.000,-0.000,3.840) (3.597,0.000,3.573) (3.597,1.000,3.573) (5.000,1.000,3.840)
    face 21: (3.597,0.000,3.573) (2.407,0.000,2.813) (2.407,1.000,2.813) (3.597,1.000,3.573)
    face 22: (2.407,0.000,2.813) (1.612,0.000,1.675) (1.612,1.000,1.675) (2.407,1.000,2.813)
    face 23: (5.000,1.000,0.333) (1.333,1.000,0.333) (1.333,0.000,0.333) (5.000,0.000,0.333)
    face 24: (1.612,0.000,1.675) (1.333,0.000,0.333) (1.333,1.000,0.333) (1.612,1.000,1.675)
    face 25: (1.304,0.000,1.803) (1.000,0.000,0.333) (1.333,0.000,0.333) (1.612,0.000,1.675) (2.407,0.000,2.813) (3.597,0.000,3.573) (5.000,-0.000,3.840) (6.403,0.000,3.573) (7.593,0.000,2.813) (8.388,0.000,1.675) (8.667,0.000,0.333) (9.000,0.000,0.333) (8.696,0.000,1.803) (7.828,-0.000,3.049) (6.531,0.000,3.881) (5.000,0.000,4.173) (3.469,0.000,3.881) (2.172,-0.000,3.049)
    face 26: (1.612,1.000,1.675) (1.333,1.000,0.333) (1.000,1.000,0.333) (1.304,1.000,1.803) (2.172,1.000,3.049) (3.469,1.000,3.881) (5.000,1.000,4.173) (6.531,1.000,3.881) (7.828,1.000,3.049) (8.696,1.000,1.803) (9.000,1.000,0.333) (8.667,1.000,0.333) (8.388,1.000,1.675) (7.593,1.000,2.813) (6.403,1.000,3.573) (5.000,1.000,3.840) (3.597,1.000,3.573) (2.407,1.000,2.813)
    face 27: (-5.828,0.000,3.049) (-4.531,0.000,3.881) (-4.531,1.000,3.881) (-5.828,1.000,3.049)
    face 28: (0.388,0.000,1.675) (-0.407,0.000,2.813) (-0.407,1.000,2.813) (0.388,1.000,1.675)
    face 29: (0.667,0.000,0.333) (0.388,0.000,1.675) (0.388,1.000,1.675) (0.667,1.000,0.333)
    face 30: (-0.172,0.000,3.049) (0.696,0.000,1.803) (0.696,1.000,1.803) (-0.172,1.000,3.049)
    face 31: (-3.000,0.000,4.173) (-1.469,0.000,3.881) (-1.469,1.000,3.881) (-3.000,1.000,4.173)
    face 32: (-4.403,0.000,3.573) (-5.593,0.000,2.813) (-5.593,1.000,2.813) (-4.403,1.000,3.573)
    face 33: (0.667,0.000,0.333) (1.000,0.000,0.333) (1.000,1.000,0.333) (0.667,1.000,0.333)
    face 34: (-7.000,0.000,0.333) (-6.696,0.000,1.803) (-6.696,1.000,1.803) (-7.000,1.000,0.333)
    face 35: (-4.531,0.000,3.881) (-3.000,0.000,4.173) (-3.000,1.000,4.173) (-4.531,1.000,3.881)
    face 36: (-6.388,1.000,1.675) (-6.667,1.000,0.333) (-7.000,1.000,0.333) (-6.696,1.000,1.803) (-5.828,1.000,3.049) (-4.531,1.000,3.881) (-3.000,1.000,4.173) (-1.469,1.000,3.881) (-0.172,1.000,3.049) (0.696,1.000,1.803) (1.000,1.000,0.333) (0.667,1.000,0.333) (0.388,1.000,1.675) (-0.407,1.000,2.813) (-1.597,1.000,3.573) (-3.000,1.000,3.840) (-4.403,1.000,3.573) (-5.593,1.000,2.813)
    face 37: (-5.593,0.000,2.813) (-6.388,0.000,1.675) (-6.388,1.000,1.675) (-5.593,1.000,2.813)
    face 38: (-6.696,0.000,1.803) (-5.828,0.000,3.049) (-5.828,1.000,3.049) (-6.696,1.000,1.803)
    face 39: (-0.407,0.000,2.813) (-1.597,0.000,3.573) (-1.597,1.000,3.573) (-0.407,1.000,2.813)
    face 40: (0.696,0.000,1.803) (1.000,0.000,0.333) (1.000,1.000,0.333) (0.696,1.000,1.803)
    face 41: (-6.388,0.000,1.675) (-6.667,0.000,0.333) (-6.667,1.000,0.333) (-6.388,1.000,1.675)
    face 42: (-1.469,0.000,3.881) (-0.172,0.000,3.049) (-0.172,1.000,3.049) (-1.469,1.000,3.881)
    face 43: (-6.696,0.000,1.803) (-7.000,0.000,0.333) (-6.667,0.000,0.333) (-6.388,0.000,1.675) (-5.593,0.000,2.813) (-4.403,0.000,3.573) (-3.000,-0.000,3.840) (-1.597,0.000,3.573) (-0.407,0.000,2.813) (0.388,0.000,1.675) (0.667,0.000,0.333) (1.000,0.000,0.333) (0.696,0.000,1.803) (-0.172,0.000,3.049) (-1.469,0.000,3.881) (-3.000,0.000,4.173) (-4.531,0.000,3.881) (-5.828,0.000,3.049)
    face 44: (-3.000,-0.000,3.840) (-4.403,0.000,3.573) (-4.403,1.000,3.573) (-3.000,1.000,3.840)
    face 45: (-1.597,0.000,3.573) (-3.000,-0.000,3.840) (-3.000,1.000,3.840) (-1.597,1.000,3.573)
=== IP_TileSheet_metaltile_7.00_5.95_1.31_0.45_8
    instances in the model: 0   faces 30  edges 73  vertices 120
    bounds   x -3.5000..3.5000  y 0.0000..1.0000  z 0.0000..1.7590
    geometry x -3.5000..3.5000  y 0.0000..1.0000  z 0.0000..1.7590
    vertices BELOW y = 0: 0
    part attr: "tile_sheet"   unit_length: 1.0
    face 0: (-3.500,0.000,0.450) (-2.975,0.000,0.450) (-2.975,0.180,0.450) (-3.500,0.180,0.450)
    face 1: (-2.975,0.000,0.450) (-2.749,0.000,0.951) (-2.749,0.180,0.951) (-2.975,0.180,0.450)
    face 2: (-2.749,0.000,0.951) (-2.104,0.000,1.376) (-2.104,0.180,1.376) (-2.749,0.180,0.951)
    face 3: (-2.104,0.000,1.376) (-1.138,0.000,1.659) (-1.138,0.180,1.659) (-2.104,0.180,1.376)
    face 4: (-1.138,0.000,1.659) (-0.000,0.000,1.759) (-0.000,0.180,1.759) (-1.138,0.180,1.659)
    face 5: (-0.000,0.000,1.759) (1.138,0.000,1.659) (1.138,0.180,1.659) (-0.000,0.180,1.759)
    face 6: (1.138,0.000,1.659) (2.104,0.000,1.376) (2.104,0.180,1.376) (1.138,0.180,1.659)
    face 7: (2.104,0.000,1.376) (2.749,0.000,0.951) (2.749,0.180,0.951) (2.104,0.180,1.376)
    face 8: (2.749,0.000,0.951) (2.975,0.000,0.450) (2.975,0.180,0.450) (2.749,0.180,0.951)
    face 9: (2.975,0.000,0.450) (3.500,0.000,0.450) (3.500,0.180,0.450) (2.975,0.180,0.450)
    face 10: (-3.500,0.180,0.450) (-2.975,0.180,0.450) (-2.975,0.280,0.000) (-3.500,0.280,0.000)
    face 11: (-2.975,0.180,0.450) (-2.749,0.180,0.951) (-2.749,0.280,0.501) (-2.975,0.280,0.000)
    face 12: (-2.749,0.180,0.951) (-2.104,0.180,1.376) (-2.104,0.280,0.926) (-2.749,0.280,0.501)
    face 13: (-2.104,0.180,1.376) (-1.138,0.180,1.659) (-1.138,0.280,1.209) (-2.104,0.280,0.926)
    face 14: (-1.138,0.180,1.659) (-0.000,0.180,1.759) (-0.000,0.280,1.309) (-1.138,0.280,1.209)
    face 15: (-0.000,0.180,1.759) (1.138,0.180,1.659) (1.138,0.280,1.209) (-0.000,0.280,1.309)
    face 16: (1.138,0.180,1.659) (2.104,0.180,1.376) (2.104,0.280,0.926) (1.138,0.280,1.209)
    face 17: (2.104,0.180,1.376) (2.749,0.180,0.951) (2.749,0.280,0.501) (2.104,0.280,0.926)
    face 18: (2.749,0.180,0.951) (2.975,0.180,0.450) (2.975,0.280,0.000) (2.749,0.280,0.501)
    face 19: (2.975,0.180,0.450) (3.500,0.180,0.450) (3.500,0.280,0.000) (2.975,0.280,0.000)
    face 20: (-3.500,0.280,0.000) (-2.975,0.280,0.000) (-2.975,1.000,0.000) (-3.500,1.000,0.000)
    face 21: (-2.975,0.280,0.000) (-2.749,0.280,0.501) (-2.749,1.000,0.501) (-2.975,1.000,0.000)
    face 22: (-2.749,0.280,0.501) (-2.104,0.280,0.926) (-2.104,1.000,0.926) (-2.749,1.000,0.501)
    face 23: (-2.104,0.280,0.926) (-1.138,0.280,1.209) (-1.138,1.000,1.209) (-2.104,1.000,0.926)
    face 24: (-1.138,0.280,1.209) (-0.000,0.280,1.309) (-0.000,1.000,1.309) (-1.138,1.000,1.209)
    face 25: (-0.000,0.280,1.309) (1.138,0.280,1.209) (1.138,1.000,1.209) (-0.000,1.000,1.309)
    face 26: (1.138,0.280,1.209) (2.104,0.280,0.926) (2.104,1.000,0.926) (1.138,1.000,1.209)
    face 27: (2.104,0.280,0.926) (2.749,0.280,0.501) (2.749,1.000,0.501) (2.104,1.000,0.926)
    face 28: (2.749,0.280,0.501) (2.975,0.280,0.000) (2.975,1.000,0.000) (2.749,1.000,0.501)
    face 29: (2.975,0.280,0.000) (3.500,0.280,0.000) (3.500,1.000,0.000) (2.975,1.000,0.000)