Interior Pro - the roof shape as the model has it
model: claud cold   time: 2026-08-28 16:14:18 -0700

ROOF 1   upward faces: 33
  face 1   roof         area  43161.9 sqin   pitch 5.0:12   normal (0.00, 0.38, 0.92)
    (1156.5,532.0,205.0) (866.0,532.1,205.0) (866.0,386.6,265.6) (874.4,395.1,262.1) (1156.5,395.0,262.1)
  face 2   roof         area  43161.9 sqin   pitch 5.0:12   normal (0.00, 0.38, 0.92)
    (1156.5,532.0,205.5) (866.0,532.1,205.5) (866.0,386.6,266.2) (874.4,395.1,262.6) (1156.5,395.0,262.6)
  face 3   roof         area  31694.7 sqin   pitch 5.0:12   normal (0.00, -0.38, 0.92)
    (1011.5,258.0,205.0) (1156.5,258.0,205.0) (1156.5,395.0,262.1) (874.4,395.1,262.1)
  face 4   roof         area  31694.7 sqin   pitch 5.0:12   normal (0.00, -0.38, 0.92)
    (1011.5,258.0,205.5) (1156.5,258.0,205.5) (1156.5,395.0,262.6) (874.4,395.1,262.6)
  face 5   roof         area  21517.3 sqin   pitch 5.0:12   normal (0.38, -0.00, 0.92)
    (866.0,386.6,265.6) (866.0,258.0,265.6) (938.8,258.0,235.3) (938.8,129.5,235.3) (1011.5,129.5,205.0) (1011.5,258.0,205.0) (874.4,395.1,262.1)
  face 6   roof         area  21517.3 sqin   pitch 5.0:12   normal (0.38, -0.00, 0.92)
    (866.0,386.6,266.2) (866.0,258.0,266.2) (938.8,258.0,235.9) (938.8,129.5,235.9) (1011.5,129.5,205.5) (1011.5,258.0,205.5) (874.4,395.1,262.6)
  face 7   roof         area  10127.4 sqin   pitch 5.0:12   normal (-0.38, 0.00, 0.92)
    (866.0,258.0,205.0) (866.0,129.5,205.0) (938.8,129.5,235.3) (938.8,258.0,235.3)
  face 8   roof         area  10127.4 sqin   pitch 5.0:12   normal (-0.38, 0.00, 0.92)
    (866.0,258.0,205.5) (866.0,129.5,205.5) (938.8,129.5,235.9) (938.8,258.0,235.9)
  face 9   roof         area   1735.5 sqin   pitch 5.0:12   normal (-0.00, 0.38, 0.92)
    (866.0,520.1,202.8) (866.0,386.6,258.4) (878.0,386.6,258.4) (878.0,520.1,202.8)
  face 10  roof         area   1399.3 sqin   pitch 0.0:12   normal (0.00, 0.00, 1.00)
    (866.0,386.6,258.4) (866.0,270.0,258.4) (878.0,270.0,258.4) (878.0,386.6,258.4)
  face 11  gable_wall_top area    671.7 sqin   pitch 5.0:12   normal (0.00, 0.38, 0.92)
    (1144.5,396.0,261.7) (1144.5,520.0,210.0) (1139.5,520.0,210.0) (1139.5,396.0,261.7)
  face 12  gable_wall_top area    650.5 sqin   pitch 0.0:12   normal (0.00, 0.00, 1.00)
    (878.0,388.1,260.6) (878.0,258.0,260.6) (883.0,258.0,260.6) (883.0,388.1,260.6)
  face 13  gable_wall_top area    650.0 sqin   pitch 5.0:12   normal (0.00, -0.38, 0.92)
    (1144.5,270.0,210.0) (1144.5,390.0,260.0) (1139.5,390.0,260.0) (1139.5,270.0,210.0)
  face 14  gable_wall_top area    650.0 sqin   pitch 5.0:12   normal (0.00, 0.38, 0.92)
    (878.0,520.1,210.0) (878.0,400.1,260.0) (883.0,400.1,260.0) (883.0,520.1,210.0)
  face 15  gable_wall_top area    325.0 sqin   pitch 5.0:12   normal (-0.38, 0.00, 0.92)
    (878.0,141.5,210.0) (938.0,141.5,235.0) (938.0,146.5,235.0) (878.0,146.5,210.0)
  face 16  gable_wall_top area    300.6 sqin   pitch 5.0:12   normal (0.38, 0.00, 0.92)
    (944.0,141.5,233.1) (999.5,141.5,210.0) (999.5,146.5,210.0) (944.0,146.5,233.1)
  face 17  roof         area    217.3 sqin   pitch 0.0:12   normal (0.00, 0.00, 1.00)
    (866.8,531.4,205.0) (1155.8,531.2,205.0) (1156.5,532.0,205.0) (866.0,532.1,205.0)
  face 18  roof         area    108.8 sqin   pitch 0.0:12   normal (0.00, 0.00, 1.00)
    (1155.8,258.8,205.0) (1010.8,258.8,205.0) (1011.5,258.0,205.0) (1156.5,258.0,205.0)
  face 19  roof         area     96.4 sqin   pitch 0.0:12   normal (0.00, 0.00, 1.00)
    (1010.8,258.8,205.0) (1010.8,130.2,205.0) (1011.5,129.5,205.0) (1011.5,258.0,205.0)
  face 20  roof         area     59.1 sqin   pitch 5.0:12   normal (-0.38, 0.00, 0.92)
    (938.8,129.5,235.3) (866.0,129.5,205.0) (866.0,128.8,205.0) (938.8,128.8,235.3)
  face 21  roof         area     59.1 sqin   pitch 5.0:12   normal (0.38, 0.00, 0.92)
    (1011.5,129.5,205.0) (938.8,129.5,235.3) (938.8,128.8,235.3) (1011.5,128.8,205.0)
  face 22  gable_wall_top area     31.4 sqin   pitch 3.8:12   normal (0.30, 0.00, 0.95)
    (938.0,141.5,235.0) (944.0,141.5,233.1) (944.0,146.5,233.1) (938.0,146.5,235.0)
  face 23  gable_wall_top area     31.2 sqin   pitch 3.4:12   normal (0.00, 0.27, 0.96)
    (878.0,400.1,260.0) (878.0,394.1,261.7) (883.0,394.1,261.7) (883.0,400.1,260.0)
  face 24  gable_wall_top area     31.1 sqin   pitch 3.3:12   normal (0.00, -0.27, 0.96)
    (1144.5,390.0,260.0) (1144.5,396.0,261.7) (1139.5,396.0,261.7) (1139.5,390.0,260.0)
  face 25  gable_wall_top area     30.5 sqin   pitch 2.2:12   normal (0.00, -0.18, 0.98)
    (878.0,394.1,261.7) (878.0,388.1,260.6) (883.0,388.1,260.6) (883.0,394.1,261.7)
  face 26  roof         area     15.8 sqin   pitch 5.0:12   normal (0.00, 0.38, 0.92)
    (865.2,386.6,263.6) (865.2,532.1,203.0) (865.2,532.1,203.0) (865.2,386.6,263.6)
  face 27  roof         area     14.8 sqin   pitch 5.0:12   normal (0.00, -0.38, 0.92)
    (1157.2,395.0,260.1) (1157.2,258.0,203.0) (1157.4,258.0,203.0) (1157.4,395.0,260.1)
  face 28  roof         area     14.8 sqin   pitch 5.0:12   normal (0.00, 0.38, 0.92)
    (1157.2,532.0,203.0) (1157.2,395.0,260.1) (1157.4,395.0,260.1) (1157.4,532.0,203.0)
  face 29  roof         area     12.9 sqin   pitch 0.0:12   normal (0.00, 0.00, 1.00)
    (865.2,258.0,263.6) (865.2,386.6,263.6) (865.2,386.6,263.6) (865.2,258.0,263.6)
  face 30  roof         area      7.9 sqin   pitch 5.0:12   normal (0.38, 0.00, 0.92)
    (1011.5,128.8,203.0) (938.8,128.8,233.3) (938.8,128.6,233.3) (1011.5,128.6,203.0)
  face 31  roof         area      7.9 sqin   pitch 5.0:12   normal (0.38, 0.00, 0.92)
    (1011.5,128.8,205.0) (938.8,128.8,235.3) (938.8,128.6,235.3) (1011.5,128.6,205.0)
  face 32  roof         area      7.9 sqin   pitch 5.0:12   normal (-0.38, 0.00, 0.92)
    (938.8,128.8,235.3) (866.0,128.8,205.0) (866.0,128.6,205.0) (938.8,128.6,235.3)
  face 33  roof         area      7.9 sqin   pitch 5.0:12   normal (-0.38, 0.00, 0.92)
    (938.8,128.8,233.3) (866.0,128.8,203.0) (866.0,128.6,203.0) (938.8,128.6,233.3)
